geo,year,n00208
0000,2009,9.517754
0114,2009,9.037711
0115,2009,10.311284
0117,2009,12.708861
0120,2009,9.46281
0123,2009,8.47779
0125,2009,12.03966
0126,2009,6.960203
0127,2009,7.410085
0128,2009,9.758772
0136,2009,7.579257
0138,2009,10.254403
0139,2009,10.508923
0140,2009,8.094435
0160,2009,11.943404
0162,2009,11.717297
0163,2009,9.500524
0180,2009,7.692308
0181,2009,7.328731
0182,2009,6.983312
0183,2009,9.245173
0184,2009,10.746129
0186,2009,9.758732
0187,2009,13.757396
0188,2009,11.410985
0191,2009,8.105873
0192,2009,7.326203
0305,2009,9.27357
0319,2009,9.250399
0330,2009,12.368728
0331,2009,14.585519
0360,2009,17.119901
0380,2009,10.209511
0381,2009,7.765957
0382,2009,17.171161
0428,2009,16.20438
0461,2009,17.604618
0480,2009,9.093199
0481,2009,13.043478
0482,2009,12.673879
0483,2009,9.581994
0484,2009,7.657235
0486,2009,11.574301
0488,2009,13.529412
0509,2009,14.683544
0512,2009,16.037736
0513,2009,13.075965
0560,2009,11.578947
0561,2009,9.669211
0562,2009,4.820012
0563,2009,14.170692
0580,2009,7.257858
0581,2009,7.333706
0582,2009,11.3804
0583,2009,8.621636
0584,2009,12.01248
0586,2009,10.433663
0604,2009,14.07563
0617,2009,13.341067
0642,2009,14.777328
0643,2009,7.359307
0662,2009,14.775324
0665,2009,10.089286
0680,2009,7.677561
0682,2009,12.570996
0683,2009,12.919167
0684,2009,21.60898
0685,2009,16.360734
0686,2009,14.763062
0687,2009,10.798392
0760,2009,14.880952
0761,2009,10.167131
0763,2009,14.041096
0764,2009,12.41292
0765,2009,6.521739
0767,2009,13.00813
0780,2009,5.155409
0781,2009,12.150249
0821,2009,12.909091
0834,2009,15.883306
0840,2009,13.051643
0860,2009,11.991279
0861,2009,14.764493
0862,2009,10.175879
0880,2009,10.413447
0881,2009,10.205184
0882,2009,8.78103
0883,2009,7.927553
0884,2009,11.772758
0885,2009,18.12933
0980,2009,8.979899
1060,2009,9.090909
1080,2009,6.935545
1081,2009,10.931006
1082,2009,12.3813
1083,2009,15.59633
1214,2009,10.601093
1230,2009,8.65019
1231,2009,11.58371
1233,2009,8.496177
1256,2009,11.869159
1257,2009,19.54023
1260,2009,13.520871
1261,2009,8.540724
1262,2009,7.852564
1263,2009,11.062591
1264,2009,14.59144
1265,2009,12.087027
1266,2009,10.897436
1267,2009,16.666667
1270,2009,19.824754
1272,2009,12.840909
1273,2009,15.942029
1275,2009,10.727969
1276,2009,15.771584
1277,2009,17.696629
1278,2009,21.346324
1280,2009,5.640314
1281,2009,8.761181
1282,2009,7.944359
1283,2009,6.815203
1284,2009,12.701149
1285,2009,8.491947
1286,2009,14.48907
1287,2009,9.057415
1290,2009,10.949118
1291,2009,20.65508
1292,2009,11.193277
1293,2009,18.783008
1315,2009,13.47032
1380,2009,8.616964
1381,2009,17.511792
1382,2009,9.400631
1383,2009,12.593985
1384,2009,12.178269
1401,2009,8.060014
1402,2009,9.485095
1407,2009,20.150862
1415,2009,8.867248
1419,2009,17.153996
1421,2009,17.493897
1427,2009,11.616766
1430,2009,18.22376
1435,2009,19.312906
1438,2009,18.817204
1439,2009,14.837398
1440,2009,8.325171
1441,2009,7.134593
1442,2009,17.315574
1443,2009,9.437751
1444,2009,14.658635
1445,2009,17.088608
1446,2009,14.495413
1447,2009,16.933638
1452,2009,16.201117
1460,2009,7.060185
1461,2009,16.974596
1462,2009,11.778846
1463,2009,10.146819
1465,2009,18.171429
1466,2009,13.748379
1470,2009,12.434457
1471,2009,14.033366
1472,2009,16.267465
1473,2009,10.927573
1480,2009,7.988192
1481,2009,8.909242
1482,2009,12.079511
1484,2009,16.854725
1485,2009,11.462284
1486,2009,13.047712
1487,2009,8.514664
1488,2009,8.187381
1489,2009,12.911392
1490,2009,8.489224
1491,2009,10.672976
1492,2009,9.976247
1493,2009,12.744227
1494,2009,8.804696
1495,2009,9.51526
1496,2009,9.18703
1497,2009,13.378378
1498,2009,10.429448
1499,2009,11.227242
1715,2009,16.367476
1730,2009,17.142857
1737,2009,8.401977
1760,2009,8.310992
1761,2009,5.916187
1762,2009,5.167173
1763,2009,8.761905
1764,2009,11.363636
1765,2009,16.713483
1766,2009,14.108911
1780,2009,6.11578
1781,2009,6.662902
1782,2009,12.578055
1783,2009,11.800699
1784,2009,10.552976
1785,2009,10.055096
1814,2009,11.066398
1860,2009,12.253829
1861,2009,11.732283
1862,2009,11.111111
1863,2009,8.874802
1864,2009,11.931818
1880,2009,5.968016
1881,2009,7.120933
1882,2009,7.900677
1883,2009,6.067501
1884,2009,10.504775
1885,2009,11.374637
1904,2009,12.171053
1907,2009,7.323944
1960,2009,12.201964
1961,2009,10.547833
1962,2009,10.416667
1980,2009,7.302354
1981,2009,7.276619
1982,2009,10.647182
1983,2009,8.142053
1984,2009,9.459459
2021,2009,19.193324
2023,2009,8.704253
2026,2009,18.352941
2029,2009,17.821782
2031,2009,14.652956
2034,2009,15.838509
2039,2009,8.345324
2061,2009,7.151819
2062,2009,9.414605
2080,2009,
2081,2009,7.118141
2082,2009,
2083,2009,12.894184
2084,2009,8.537887
2085,2009,6.727198
2101,2009,17.118998
2104,2009,7.692308
2121,2009,12.318138
2132,2009,12.425329
2161,2009,6.587202
2180,2009,4.998457
2181,2009,5.68256
2182,2009,7.050424
2183,2009,6.921062
2184,2009,9.233083
2260,2009,7.527976
2262,2009,5.979827
2280,2009,5.702851
2281,2009,5.964819
2282,2009,9.660725
2283,2009,5.199781
2284,2009,9.678661
2303,2009,11.615245
2305,2009,9.985097
2309,2009,13.004115
2313,2009,11.477869
2321,2009,15.818584
2326,2009,16.15074
2361,2009,10.76779
2380,2009,6.979723
2401,2009,18.873239
2403,2009,28.515625
2404,2009,17.035775
2409,2009,16.005874
2417,2009,8.241758
2418,2009,10.306407
2421,2009,15.919629
2422,2009,12.618297
2425,2009,12.974684
2460,2009,13.19752
2462,2009,14.035088
2463,2009,16.986301
2480,2009,10.024808
2481,2009,12.066752
2482,2009,7.582563
2505,2009,5.256242
2506,2009,11.325967
2510,2009,12.11499
2513,2009,6.976744
2514,2009,9.464752
2518,2009,9.77131
2521,2009,8.194444
2523,2009,6.491228
2560,2009,9.124538
2580,2009,6.217121
2581,2009,7.715792
2582,2009,9.040444
2583,2009,7.771429
2584,2009,3.695769
0000,2010,9.022726
0114,2010,9.392265
0115,2010,9.339975
0117,2010,13.045765
0120,2010,9.194933
0123,2010,8.267609
0125,2010,10.793424
0126,2010,6.538068
0127,2010,6.633407
0128,2010,8.360129
0136,2010,7.703735
0138,2010,9.508197
0139,2010,9.694209
0140,2010,7.38255
0160,2010,10.955414
0162,2010,11.082964
0163,2010,9.626039
0180,2010,7.325922
0181,2010,6.961799
0182,2010,7.217301
0183,2010,7.872219
0184,2010,10.354746
0186,2010,8.936324
0187,2010,10.387324
0188,2010,11.485871
0191,2010,7.076425
0192,2010,7.254164
0305,2010,8.386581
0319,2010,7.804878
0330,2010,13.146067
0331,2010,14.920635
0360,2010,16.4375
0380,2010,10.328599
0381,2010,8.538299
0382,2010,16.747442
0428,2010,15.611193
0461,2010,17.690058
0480,2010,8.436725
0481,2010,9.772423
0482,2010,12.547529
0483,2010,8.297942
0484,2010,7.643057
0486,2010,11.509434
0488,2010,15.02809
0509,2010,12.947658
0512,2010,15.719064
0513,2010,13.021492
0560,2010,12.307692
0561,2010,8.789809
0562,2010,4.323995
0563,2010,11.150442
0580,2010,6.881828
0581,2010,7.192628
0582,2010,10.554951
0583,2010,8.099776
0584,2010,10.551181
0586,2010,10.021598
0604,2010,14.194915
0617,2010,12.075029
0642,2010,15.555556
0643,2010,7.020057
0662,2010,14.225135
0665,2010,10.685663
0680,2010,7.505439
0682,2010,11.375865
0683,2010,11.848173
0684,2010,21.551724
0685,2010,15.213882
0686,2010,13.398295
0687,2010,11.695906
0760,2010,15.225335
0761,2010,9.348442
0763,2010,14.225233
0764,2010,11.034913
0765,2010,6.873614
0767,2010,13.663133
0780,2010,5.048302
0781,2010,11.582569
0821,2010,11.111111
0834,2010,13.366337
0840,2010,12.936733
0860,2010,10.935143
0861,2010,14.142336
0862,2010,9.125475
0880,2010,9.933649
0881,2010,10.433387
0882,2010,7.984645
0883,2010,7.169118
0884,2010,12.071429
0885,2010,17.775229
0980,2010,8.366935
1060,2010,8.195212
1080,2010,6.771418
1081,2010,10.169492
1082,2010,11.385959
1083,2010,14.69013
1214,2010,8.775731
1230,2010,7.72093
1231,2010,10.136986
1233,2010,7.754011
1256,2010,8.786611
1257,2010,18.080668
1260,2010,12.66055
1261,2010,8.488372
1262,2010,8.273667
1263,2010,10.632184
1264,2010,14.995224
1265,2010,11.849957
1266,2010,11.181818
1267,2010,17.019027
1270,2010,17.884131
1272,2010,10.846246
1273,2010,16.604478
1275,2010,10.982659
1276,2010,15.121951
1277,2010,18.401487
1278,2010,20.218579
1280,2010,5.270223
1281,2010,8.601507
1282,2010,8.059418
1283,2010,6.593261
1284,2010,11.588468
1285,2010,8.103062
1286,2010,13.3
1287,2010,8.579422
1290,2010,10.030706
1291,2010,21.126761
1292,2010,11.19072
1293,2010,19.431512
1315,2010,14.659091
1380,2010,8.629098
1381,2010,17.737183
1382,2010,8.5625
1383,2010,12.406469
1384,2010,11.991658
1401,2010,7.968694
1402,2010,9.245648
1407,2010,18.80531
1415,2010,8.607595
1419,2010,16.297011
1421,2010,16.971714
1427,2010,11.246944
1430,2010,17.647059
1435,2010,18.215271
1438,2010,18.79562
1439,2010,13.590264
1440,2010,7.287645
1441,2010,6.597622
1442,2010,16.393443
1443,2010,8.610568
1444,2010,15.682281
1445,2010,16.059957
1446,2010,15.587045
1447,2010,13.574661
1452,2010,12.172285
1460,2010,5.97561
1461,2010,15.057471
1462,2010,13.490099
1463,2010,9.809085
1465,2010,16.725979
1466,2010,13.246753
1470,2010,12.641938
1471,2010,13.776016
1472,2010,10.401648
1473,2010,11.328125
1480,2010,7.395998
1481,2010,8.44922
1482,2010,12.109375
1484,2010,16.830986
1485,2010,11.44235
1486,2010,11.690821
1487,2010,7.601405
1488,2010,7.596539
1489,2010,12.043435
1490,2010,7.77972
1491,2010,10.47065
1492,2010,10.925771
1493,2010,11.281588
1494,2010,8.578237
1495,2010,8.755211
1496,2010,8.98108
1497,2010,11.564626
1498,2010,10.13986
1499,2010,9.785615
1715,2010,14.42623
1730,2010,20.512821
1737,2010,8.670034
1760,2010,4.312668
1761,2010,6.623058
1762,2010,4.702194
1763,2010,8.061224
1764,2010,9.163347
1765,2010,12.391931
1766,2010,14.61039
1780,2010,4.011727
1781,2010,6.214367
1782,2010,10.714286
1783,2010,11.282985
1784,2010,10.106157
1785,2010,9.156453
1814,2010,9.437751
1860,2010,12.087912
1861,2010,5.191693
1862,2010,9.78399
1863,2010,9.369676
1864,2010,9.815951
1880,2010,5.59762
1881,2010,7.176196
1882,2010,7.440812
1883,2010,5.454545
1884,2010,10.160428
1885,2010,10.217501
1904,2010,14.814815
1907,2010,8.066759
1960,2010,10.782866
1961,2010,10.074938
1962,2010,9.489051
1980,2010,6.753408
1981,2010,7.435757
1982,2010,9.667674
1983,2010,7.562662
1984,2010,8.535403
2021,2010,18.222222
2023,2010,8.498024
2026,2010,18.214286
2029,2010,17.12963
2031,2010,15.030946
2034,2010,15.875614
2039,2010,7.926829
2061,2010,6.666667
2062,2010,9.129129
2080,2010,
2081,2010,6.629296
2082,2010,
2083,2010,10.910405
2084,2010,6.955093
2085,2010,6.211436
2101,2010,17.219917
2104,2010,7.286167
2121,2010,11.717974
2132,2010,13.842173
2161,2010,5.504587
2180,2010,5.612325
2181,2010,5.78757
2182,2010,6.447188
2183,2010,6.775068
2184,2010,9.0311
2260,2010,6.574761
2262,2010,6.774876
2280,2010,5.594406
2281,2010,6.228611
2282,2010,8.213429
2283,2010,5.036374
2284,2010,6.632065
2303,2010,11.413043
2305,2010,8.928571
2309,2010,12.5
2313,2010,11.435331
2321,2010,16.759156
2326,2010,12.778603
2361,2010,10.560748
2380,2010,6.864407
2401,2010,20.355191
2403,2010,25.431034
2404,2010,16.129032
2409,2010,14.149444
2417,2010,8.829175
2418,2010,10.555556
2421,2010,15.926493
2422,2010,14.939024
2425,2010,9.667674
2460,2010,12.804328
2462,2010,14.794816
2463,2010,16.338028
2480,2010,9.045681
2481,2010,11.054638
2482,2010,5.903566
2505,2010,5.890228
2506,2010,11.232877
2510,2010,11.512415
2513,2010,6.6313
2514,2010,9.192201
2518,2010,10.020877
2521,2010,9.104478
2523,2010,6.129032
2560,2010,8.607595
2580,2010,4.691558
2581,2010,7.780257
2582,2010,9.060543
2583,2010,7.02765
2584,2010,3.490401
0000,2011,8.49376
0114,2011,9.194583
0115,2011,9.129129
0117,2011,12.208356
0120,2011,9.375
0123,2011,8.098686
0125,2011,10.193826
0126,2011,6.077441
0127,2011,6.158833
0128,2011,10.423117
0136,2011,7.145969
0138,2011,9.807692
0139,2011,9.644013
0140,2011,7.792208
0160,2011,9.344192
0162,2011,10.169492
0163,2011,9.600537
0180,2011,6.798761
0181,2011,5.49337
0182,2011,6.189084
0183,2011,8.310249
0184,2011,10.303894
0186,2011,8.797446
0187,2011,12.299465
0188,2011,10.853432
0191,2011,6.797642
0192,2011,6.20577
0305,2011,8.12944
0319,2011,7.13128
0330,2011,10.751445
0331,2011,14.942529
0360,2011,16.313823
0380,2011,9.163072
0381,2011,8.21256
0382,2011,16.936749
0428,2011,11.721068
0461,2011,18.24417
0480,2011,7.557118
0481,2011,8.707124
0482,2011,11.59306
0483,2011,8.572371
0484,2011,7.095926
0486,2011,10.921178
0488,2011,13.378378
0509,2011,11.60221
0512,2011,15.570934
0513,2011,12.452351
0560,2011,12.564103
0561,2011,7.431551
0562,2011,5.809129
0563,2011,9.576427
0580,2011,6.116918
0581,2011,6.496701
0582,2011,9.061489
0583,2011,7.861008
0584,2011,9.268293
0586,2011,9.723423
0604,2011,13.814433
0617,2011,10.300926
0642,2011,13.590264
0643,2011,5.753425
0662,2011,13.01214
0665,2011,10.140845
0680,2011,6.823085
0682,2011,10.238645
0683,2011,11.463154
0684,2011,19.23445
0685,2011,13.574661
0686,2011,11.064087
0687,2011,10.632014
0760,2011,13.913043
0761,2011,8.567208
0763,2011,15.457686
0764,2011,10.243902
0765,2011,6.223176
0767,2011,12.078978
0780,2011,4.967502
0781,2011,10.405509
0821,2011,10.285714
0834,2011,13.043478
0840,2011,11.428571
0860,2011,10.547185
0861,2011,13.098464
0862,2011,8.524173
0880,2011,9.002796
0881,2011,9.687665
0882,2011,7.743449
0883,2011,6.893354
0884,2011,12.287195
0885,2011,13.691128
0980,2011,8.205645
1060,2011,8.440367
1080,2011,6.426156
1081,2011,9.255273
1082,2011,10.904449
1083,2011,14.0
1214,2011,6.641721
1230,2011,7.685185
1231,2011,9.814815
1233,2011,8.474576
1256,2011,9.034908
1257,2011,17.804552
1260,2011,12.569316
1261,2011,7.740113
1262,2011,7.866868
1263,2011,9.626437
1264,2011,14.285714
1265,2011,11.394558
1266,2011,10.576015
1267,2011,16.773504
1270,2011,17.364532
1272,2011,10.360885
1273,2011,16.193962
1275,2011,11.867704
1276,2011,14.146341
1277,2011,16.819013
1278,2011,18.421053
1280,2011,5.057987
1281,2011,7.914764
1282,2011,7.569721
1283,2011,6.317762
1284,2011,10.724007
1285,2011,8.100147
1286,2011,12.871287
1287,2011,8.792212
1290,2011,9.337218
1291,2011,18.97712
1292,2011,10.928242
1293,2011,18.992248
1315,2011,13.033449
1380,2011,7.938931
1381,2011,16.881594
1382,2011,8.647313
1383,2011,11.309524
1384,2011,11.950732
1401,2011,6.9293
1402,2011,8.945565
1407,2011,17.372421
1415,2011,8.837891
1419,2011,17.535545
1421,2011,15.9699
1427,2011,8.754624
1430,2011,16.743119
1435,2011,18.829982
1438,2011,18.363636
1439,2011,12.809917
1440,2011,6.77058
1441,2011,8.246683
1442,2011,15.392562
1443,2011,9.541985
1444,2011,14.498934
1445,2011,14.379085
1446,2011,15.447154
1447,2011,11.724138
1452,2011,10.7109
1460,2011,5.479452
1461,2011,13.967136
1462,2011,12.70037
1463,2011,9.360426
1465,2011,13.461538
1466,2011,12.005277
1470,2011,12.137405
1471,2011,13.029316
1472,2011,10.11236
1473,2011,10.305344
1480,2011,6.87373
1481,2011,7.690655
1482,2011,11.58267
1484,2011,17.329545
1485,2011,10.88602
1486,2011,11.324376
1487,2011,6.398181
1488,2011,7.154812
1489,2011,12.312214
1490,2011,7.209893
1491,2011,9.176717
1492,2011,11.229947
1493,2011,12.539045
1494,2011,8.474576
1495,2011,7.767549
1496,2011,8.883249
1497,2011,11.351351
1498,2011,9.290096
1499,2011,10.37931
1715,2011,11.505376
1730,2011,17.372881
1737,2011,7.990115
1760,2011,5.449591
1761,2011,5.560166
1762,2011,4.907975
1763,2011,8.186528
1764,2011,9.733333
1765,2011,12.0
1766,2011,9.405145
1780,2011,3.576362
1781,2011,6.179138
1782,2011,11.081081
1783,2011,12.385321
1784,2011,10.103744
1785,2011,9.388039
1814,2011,9.163347
1860,2011,11.23348
1861,2011,10.72
1862,2011,10.526316
1863,2011,9.395973
1864,2011,9.090909
1880,2011,4.999549
1881,2011,6.338863
1882,2011,7.386364
1883,2011,5.005732
1884,2011,10.054348
1885,2011,9.733607
1904,2011,12.091503
1907,2011,8.683473
1960,2011,11.755486
1961,2011,9.89673
1962,2011,11.448598
1980,2011,6.511863
1981,2011,6.106443
1982,2011,8.471276
1983,2011,6.61545
1984,2011,8.035714
2021,2011,18.027735
2023,2011,7.550823
2026,2011,16.042155
2029,2011,15.230769
2031,2011,14.437555
2034,2011,15.819209
2039,2011,6.634304
2061,2011,6.273526
2062,2011,8.249258
2080,2011,
2081,2011,5.989459
2082,2011,
2083,2011,10.602593
2084,2011,5.498866
2085,2011,5.977584
2101,2011,16.942149
2104,2011,6.837607
2121,2011,12.423625
2132,2011,13.108108
2161,2011,6.172107
2180,2011,4.869093
2181,2011,5.064978
2182,2011,5.726065
2183,2011,6.082725
2184,2011,8.711006
2260,2011,6.531049
2262,2011,6.34355
2280,2011,4.973545
2281,2011,5.74059
2282,2011,6.929047
2283,2011,4.244032
2284,2011,6.104371
2303,2011,11.275416
2305,2011,7.164179
2309,2011,11.084337
2313,2011,10.608424
2321,2011,16.167024
2326,2011,10.215827
2361,2011,9.183673
2380,2011,6.567352
2401,2011,19.047619
2403,2011,25.423729
2404,2011,16.078431
2409,2011,13.76702
2417,2011,11.821705
2418,2011,8.469945
2421,2011,15.384615
2422,2011,15.882353
2425,2011,8.868502
2460,2011,11.315789
2462,2011,14.778857
2463,2011,16.766467
2480,2011,8.977668
2481,2011,10.171569
2482,2011,5.206017
2505,2011,5.310881
2506,2011,13.687151
2510,2011,9.93228
2513,2011,6.25
2514,2011,9.265614
2518,2011,8.210526
2521,2011,8.358209
2523,2011,5.454545
2560,2011,8.394161
2580,2011,3.666286
2581,2011,7.065967
2582,2011,9.409752
2583,2011,6.557377
2584,2011,2.952646
0000,2012,8.081288
0114,2012,9.238729
0115,2012,8.726415
0117,2012,12.826208
0120,2012,8.81747
0123,2012,8.001036
0125,2012,10.869565
0126,2012,6.514114
0127,2012,5.993181
0128,2012,10.423117
0136,2012,7.407407
0138,2012,9.62818
0139,2012,9.459459
0140,2012,6.313993
0160,2012,9.223947
0162,2012,10.621118
0163,2012,9.505459
0180,2012,6.317841
0181,2012,5.660377
0182,2012,6.240929
0183,2012,8.084164
0184,2012,10.122411
0186,2012,8.748222
0187,2012,11.510791
0188,2012,11.341176
0191,2012,6.720122
0192,2012,5.77457
0305,2012,7.927786
0319,2012,8.05153
0330,2012,10.299401
0331,2012,14.446721
0360,2012,14.789176
0380,2012,9.001721
0381,2012,8.844703
0382,2012,15.648051
0428,2012,9.883721
0461,2012,17.362924
0480,2012,8.228011
0481,2012,7.607192
0482,2012,11.679389
0483,2012,9.023876
0484,2012,7.258697
0486,2012,10.468198
0488,2012,13.395225
0509,2012,11.859838
0512,2012,15.59322
0513,2012,12.768647
0560,2012,12.0
0561,2012,6.762029
0562,2012,4.414361
0563,2012,9.541284
0580,2012,5.787823
0581,2012,6.161402
0582,2012,8.04721
0583,2012,7.480429
0584,2012,8.998302
0586,2012,8.594757
0604,2012,13.293651
0617,2012,9.299656
0642,2012,13.374486
0643,2012,5.630027
0662,2012,13.457799
0665,2012,10.843373
0680,2012,6.351376
0682,2012,9.551657
0683,2012,10.325516
0684,2012,18.396226
0685,2012,12.201258
0686,2012,10.138805
0687,2012,10.561661
0760,2012,13.399504
0761,2012,9.090909
0763,2012,13.327601
0764,2012,9.673519
0765,2012,6.780924
0767,2012,12.790698
0780,2012,4.817971
0781,2012,10.528361
0821,2012,13.027523
0834,2012,11.186441
0840,2012,12.701422
0860,2012,9.715243
0861,2012,11.517367
0862,2012,8.163265
0880,2012,7.803144
0881,2012,8.845739
0882,2012,7.34662
0883,2012,6.439773
0884,2012,11.426438
0885,2012,11.638418
0980,2012,7.006885
1060,2012,7.940905
1080,2012,6.642627
1081,2012,8.58923
1082,2012,10.317171
1083,2012,12.820513
1214,2012,7.055503
1230,2012,8.704253
1231,2012,8.479263
1233,2012,7.458292
1256,2012,8.255934
1257,2012,16.644823
1260,2012,11.219947
1261,2012,6.828194
1262,2012,7.324365
1263,2012,10.450966
1264,2012,13.3829
1265,2012,11.051693
1266,2012,9.904762
1267,2012,14.004376
1270,2012,17.539586
1272,2012,10.955711
1273,2012,14.11549
1275,2012,11.654135
1276,2012,14.498934
1277,2012,18.232044
1278,2012,16.479401
1280,2012,4.863822
1281,2012,7.590111
1282,2012,6.866036
1283,2012,6.15426
1284,2012,10.0
1285,2012,7.426471
1286,2012,13.259109
1287,2012,8.343634
1290,2012,9.027271
1291,2012,17.406143
1292,2012,10.029791
1293,2012,18.908569
1315,2012,11.123471
1380,2012,7.259177
1381,2012,15.125073
1382,2012,8.568708
1383,2012,9.946047
1384,2012,11.342555
1401,2012,7.017544
1402,2012,8.167853
1407,2012,16.648879
1415,2012,9.244918
1419,2012,16.775396
1421,2012,14.900662
1427,2012,8.658537
1430,2012,15.664018
1435,2012,18.49126
1438,2012,16.727941
1439,2012,11.587983
1440,2012,6.805019
1441,2012,8.333333
1442,2012,14.064116
1443,2012,8.285164
1444,2012,15.64482
1445,2012,11.904762
1446,2012,13.450292
1447,2012,11.241218
1452,2012,11.346154
1460,2012,4.651163
1461,2012,14.688602
1462,2012,14.250614
1463,2012,8.794229
1465,2012,13.848039
1466,2012,12.398922
1470,2012,10.763359
1471,2012,12.446352
1472,2012,9.137056
1473,2012,9.656925
1480,2012,6.145898
1481,2012,7.968041
1482,2012,11.3643
1484,2012,16.770617
1485,2012,9.851671
1486,2012,10.813309
1487,2012,6.237558
1488,2012,6.964023
1489,2012,11.589944
1490,2012,6.583906
1491,2012,8.679245
1492,2012,10.576923
1493,2012,11.953488
1494,2012,8.560106
1495,2012,6.86217
1496,2012,7.933242
1497,2012,11.850866
1498,2012,8.680556
1499,2012,9.614059
1715,2012,10.834236
1730,2012,17.87234
1737,2012,7.329402
1760,2012,3.59116
1761,2012,4.829309
1762,2012,4.892966
1763,2012,6.639004
1764,2012,10.140845
1765,2012,12.338594
1766,2012,8.678655
1780,2012,2.84703
1781,2012,6.670404
1782,2012,10.638298
1783,2012,10.714286
1784,2012,9.50432
1785,2012,8.929889
1814,2012,8.932039
1860,2012,10.440835
1861,2012,9.29309
1862,2012,9.335219
1863,2012,8.260105
1864,2012,10.443864
1880,2012,5.221102
1881,2012,5.623902
1882,2012,7.351225
1883,2012,4.906094
1884,2012,9.960159
1885,2012,9.432962
1904,2012,12.618297
1907,2012,8.379888
1960,2012,10.78905
1961,2012,9.210526
1962,2012,11.678832
1980,2012,6.429392
1981,2012,6.186727
1982,2012,7.63285
1983,2012,5.698372
1984,2012,7.24365
2021,2012,15.569823
2023,2012,7.198444
2026,2012,14.369847
2029,2012,16.601715
2031,2012,13.886384
2034,2012,14.47619
2039,2012,6.462585
2061,2012,6.879607
2062,2012,7.633588
2080,2012,
2081,2012,5.438931
2082,2012,
2083,2012,9.365325
2084,2012,5.05618
2085,2012,5.39629
2101,2012,15.236052
2104,2012,6.557377
2121,2012,11.318795
2132,2012,13.02578
2161,2012,5.854801
2180,2012,4.801011
2181,2012,4.373957
2182,2012,5.56062
2183,2012,5.578176
2184,2012,7.534247
2260,2012,5.978261
2262,2012,5.816398
2280,2012,4.445635
2281,2012,5.426888
2282,2012,6.517803
2283,2012,4.406964
2284,2012,6.000386
2303,2012,9.108527
2305,2012,6.295754
2309,2012,11.287758
2313,2012,9.924242
2321,2012,16.244726
2326,2012,7.194245
2361,2012,9.718438
2380,2012,6.48887
2401,2012,18.319559
2403,2012,22.268908
2404,2012,13.243762
2409,2012,14.350453
2417,2012,9.496124
2418,2012,7.008086
2421,2012,16.692427
2422,2012,14.329268
2425,2012,9.792285
2460,2012,10.923623
2462,2012,15.117581
2463,2012,17.261905
2480,2012,8.101572
2481,2012,9.2827
2482,2012,4.942768
2505,2012,4.798962
2506,2012,10.227273
2510,2012,9.13242
2513,2012,7.105263
2514,2012,8.321871
2518,2012,8.649789
2521,2012,7.413011
2523,2012,4.918033
2560,2012,9.146341
2580,2012,3.02494
2581,2012,6.818814
2582,2012,8.695652
2583,2012,6.078665
2584,2012,2.850877
0000,2013,7.729235
0114,2013,9.516837
0115,2013,8.528037
0117,2013,13.7893
0120,2013,9.032517
0123,2013,8.400103
0125,2013,11.576705
0126,2013,6.300779
0127,2013,5.868629
0128,2013,12.82586
0136,2013,6.625847
0138,2013,9.832317
0139,2013,9.473684
0140,2013,8.974359
0160,2013,8.432148
0162,2013,10.036276
0163,2013,7.255405
0180,2013,5.962318
0181,2013,5.935439
0182,2013,5.806452
0183,2013,8.603293
0184,2013,10.956938
0186,2013,9.130913
0187,2013,10.857143
0188,2013,10.290615
0191,2013,6.224973
0192,2013,5.369128
0305,2013,7.159177
0319,2013,8.789386
0330,2013,9.389671
0331,2013,13.549039
0360,2013,13.152926
0380,2013,9.012086
0381,2013,8.254076
0382,2013,15.434783
0428,2013,10.928144
0461,2013,14.569536
0480,2013,7.997988
0481,2013,8.894879
0482,2013,12.335144
0483,2013,8.51735
0484,2013,6.891192
0486,2013,11.064621
0488,2013,13.014608
0509,2013,11.081081
0512,2013,14.726027
0513,2013,11.360799
0560,2013,10.43257
0561,2013,7.634543
0562,2013,4.647059
0563,2013,9.191176
0580,2013,5.204216
0581,2013,6.094784
0582,2013,6.788793
0583,2013,7.885103
0584,2013,7.118056
0586,2013,8.618504
0604,2013,12.645914
0617,2013,8.82016
0642,2013,12.007505
0643,2013,5.434783
0662,2013,13.54127
0665,2013,10.299625
0680,2013,5.939077
0682,2013,8.844037
0683,2013,10.487548
0684,2013,15.924171
0685,2013,11.362683
0686,2013,9.287383
0687,2013,10.072376
0760,2013,12.655087
0761,2013,8.270677
0763,2013,11.445783
0764,2013,9.410363
0765,2013,5.705925
0767,2013,12.692764
0780,2013,4.705338
0781,2013,9.6302
0821,2013,12.801484
0834,2013,10.837438
0840,2013,12.52302
0860,2013,9.551986
0861,2013,11.942959
0862,2013,7.711443
0880,2013,4.984073
0881,2013,9.386471
0882,2013,7.165354
0883,2013,6.536176
0884,2013,9.407407
0885,2013,12.322275
0980,2013,6.829364
1060,2013,8.539945
1080,2013,5.302887
1081,2013,7.445887
1082,2013,9.351753
1083,2013,12.811127
1214,2013,6.595538
1230,2013,7.995951
1231,2013,8.30292
1233,2013,8.011583
1256,2013,8.074534
1257,2013,15.699208
1260,2013,11.024978
1261,2013,7.138904
1262,2013,7.560976
1263,2013,10.007047
1264,2013,13.055304
1265,2013,11.365639
1266,2013,9.622642
1267,2013,13.109426
1270,2013,14.72973
1272,2013,11.12426
1273,2013,9.922179
1275,2013,12.820513
1276,2013,12.573529
1277,2013,16.755793
1278,2013,16.223909
1280,2013,4.803012
1281,2013,7.724831
1282,2013,6.381011
1283,2013,5.80468
1284,2013,10.082645
1285,2013,7.878112
1286,2013,13.543157
1287,2013,8.313107
1290,2013,8.701937
1291,2013,16.014235
1292,2013,10.125722
1293,2013,18.779677
1315,2013,12.672811
1380,2013,7.061566
1381,2013,14.521842
1382,2013,7.734404
1383,2013,8.834006
1384,2013,10.879742
1401,2013,6.866197
1402,2013,8.013673
1407,2013,16.977226
1415,2013,9.348442
1419,2013,17.121355
1421,2013,14.722911
1427,2013,8.088235
1430,2013,16.874292
1435,2013,17.452007
1438,2013,15.426497
1439,2013,11.264368
1440,2013,7.684918
1441,2013,8.001517
1442,2013,14.636643
1443,2013,7.821229
1444,2013,15.434783
1445,2013,10.457516
1446,2013,14.059406
1447,2013,13.024283
1452,2013,9.718173
1460,2013,4.219949
1461,2013,12.038141
1462,2013,14.861751
1463,2013,8.383838
1465,2013,13.658537
1466,2013,11.748999
1470,2013,9.752322
1471,2013,12.604167
1472,2013,9.272919
1473,2013,9.25
1480,2013,5.128063
1481,2013,7.44887
1482,2013,10.730858
1484,2013,16.421053
1485,2013,9.582478
1486,2013,10.517241
1487,2013,6.179775
1488,2013,7.197139
1489,2013,12.040682
1490,2013,6.496647
1491,2013,7.841087
1492,2013,12.028095
1493,2013,11.732356
1494,2013,8.265118
1495,2013,7.414105
1496,2013,7.212965
1497,2013,10.949868
1498,2013,8.665511
1499,2013,8.98224
1715,2013,11.158342
1730,2013,17.118402
1737,2013,7.914262
1760,2013,3.254438
1761,2013,5.077805
1762,2013,3.323263
1763,2013,6.088751
1764,2013,11.079545
1765,2013,12.227074
1766,2013,7.775021
1780,2013,2.590916
1781,2013,6.628895
1782,2013,11.441441
1783,2013,9.981516
1784,2013,9.390298
1785,2013,8.116158
1814,2013,7.978723
1860,2013,9.610984
1861,2013,9.240924
1862,2013,9.74212
1863,2013,7.922535
1864,2013,10.0
1880,2013,5.18532
1881,2013,6.170704
1882,2013,8.716137
1883,2013,4.847328
1884,2013,10.723861
1885,2013,9.453782
1904,2013,12.5
1907,2013,8.438819
1960,2013,9.262166
1961,2013,7.993339
1962,2013,13.669065
1980,2013,6.205103
1981,2013,6.602163
1982,2013,7.677903
1983,2013,5.094737
1984,2013,7.50469
2021,2013,14.790997
2023,2013,8.421053
2026,2013,12.98377
2029,2013,17.230527
2031,2013,14.219331
2034,2013,12.323232
2039,2013,8.126036
2061,2013,6.09319
2062,2013,7.034884
2080,2013,
2081,2013,4.713884
2082,2013,
2083,2013,8.744038
2084,2013,5.149502
2085,2013,4.479578
2101,2013,13.419913
2104,2013,6.451613
2121,2013,11.237113
2132,2013,13.820078
2161,2013,5.784651
2180,2013,4.404744
2181,2013,4.185893
2182,2013,4.925441
2183,2013,5.523495
2184,2013,7.076023
2260,2013,5.808656
2262,2013,5.758017
2280,2013,3.966155
2281,2013,4.989005
2282,2013,4.181601
2283,2013,4.608551
2284,2013,6.023166
2303,2013,8.382066
2305,2013,6.074074
2309,2013,9.880478
2313,2013,9.412651
2321,2013,14.021739
2326,2013,6.362379
2361,2013,10.091743
2380,2013,6.128075
2401,2013,19.230769
2403,2013,22.270742
2404,2013,12.423625
2409,2013,15.625
2417,2013,7.905138
2418,2013,6.182796
2421,2013,17.405063
2422,2013,18.4375
2425,2013,8.902077
2460,2013,9.683258
2462,2013,15.631929
2463,2013,15.506329
2480,2013,8.013446
2481,2013,9.25335
2482,2013,4.620929
2505,2013,5.519054
2506,2013,12.320917
2510,2013,7.343413
2513,2013,7.444169
2514,2013,9.042197
2518,2013,7.20339
2521,2013,6.814815
2523,2013,4.707379
2560,2013,8.150852
2580,2013,2.655563
2581,2013,5.692863
2582,2013,7.926024
2583,2013,6.363636
2584,2013,2.360965
0000,2014,7.361745
0114,2014,8.460977
0115,2014,7.696827
0117,2014,12.017401
0120,2014,9.051211
0123,2014,8.102616
0125,2014,10.165826
0126,2014,6.594488
0127,2014,5.20596
0128,2014,11.675127
0136,2014,6.248653
0138,2014,9.108527
0139,2014,8.786346
0140,2014,8.239095
0160,2014,8.070781
0162,2014,9.688995
0163,2014,6.511628
0180,2014,5.606613
0181,2014,6.370623
0182,2014,5.430183
0183,2014,7.708119
0184,2014,9.265325
0186,2014,10.051737
0187,2014,10.873786
0188,2014,9.15628
0191,2014,6.191166
0192,2014,4.851158
0305,2014,7.571214
0319,2014,7.943925
0330,2014,8.685969
0331,2014,13.326226
0360,2014,11.965282
0380,2014,9.297929
0381,2014,7.99865
0382,2014,14.767699
0428,2014,10.329986
0461,2014,13.728129
0480,2014,7.873236
0481,2014,8.754624
0482,2014,11.55624
0483,2014,7.718815
0484,2014,6.777351
0486,2014,10.438024
0488,2014,12.419146
0509,2014,10.43956
0512,2014,14.982578
0513,2014,10.945274
0560,2014,9.73236
0561,2014,7.040573
0562,2014,4.424277
0563,2014,8.633094
0580,2014,5.448555
0581,2014,5.886036
0582,2014,6.494845
0583,2014,7.031035
0584,2014,7.77027
0586,2014,8.385933
0604,2014,12.761905
0617,2014,9.225513
0642,2014,11.702128
0643,2014,6.300115
0662,2014,12.039499
0665,2014,10.502693
0680,2014,5.379434
0682,2014,8.860759
0683,2014,11.026878
0684,2014,15.327793
0685,2014,10.774273
0686,2014,8.954362
0687,2014,10.131108
0760,2014,13.768116
0761,2014,8.849558
0763,2014,10.83405
0764,2014,8.880995
0765,2014,5.340829
0767,2014,11.484919
0780,2014,4.276216
0781,2014,10.569715
0821,2014,12.138728
0834,2014,10.272873
0840,2014,10.062333
0860,2014,7.980456
0861,2014,11.7338
0862,2014,5.962733
0880,2014,4.277286
0881,2014,9.6184
0882,2014,6.738437
0883,2014,5.738279
0884,2014,8.645533
0885,2014,12.977984
0980,2014,6.289549
1060,2014,8.251121
1080,2014,4.553151
1081,2014,7.278208
1082,2014,9.08778
1083,2014,11.889132
1214,2014,6.721915
1230,2014,7.751938
1231,2014,7.220217
1233,2014,8.100559
1256,2014,8.061224
1257,2014,15.163399
1260,2014,10.15138
1261,2014,7.808293
1262,2014,8.400646
1263,2014,8.254888
1264,2014,12.694301
1265,2014,9.487825
1266,2014,8.859566
1267,2014,11.659664
1270,2014,11.618257
1272,2014,10.826542
1273,2014,8.635097
1275,2014,12.110092
1276,2014,12.822458
1277,2014,18.165785
1278,2014,17.314815
1280,2014,4.853531
1281,2014,6.948336
1282,2014,6.007173
1283,2014,5.750475
1284,2014,8.958446
1285,2014,6.941907
1286,2014,12.517581
1287,2014,7.673643
1290,2014,8.516367
1291,2014,16.910688
1292,2014,10.260752
1293,2014,17.822939
1315,2014,11.831627
1380,2014,6.687382
1381,2014,14.22619
1382,2014,7.769784
1383,2014,8.558972
1384,2014,10.065927
1401,2014,6.429312
1402,2014,8.314774
1407,2014,16.115702
1415,2014,8.816596
1419,2014,16.964286
1421,2014,14.297386
1427,2014,6.905055
1430,2014,15.285253
1435,2014,17.894737
1438,2014,16.135084
1439,2014,10.909091
1440,2014,6.346154
1441,2014,7.808471
1442,2014,13.138686
1443,2014,7.5
1444,2014,15.236052
1445,2014,9.819639
1446,2014,12.692308
1447,2014,11.92053
1452,2014,9.143969
1460,2014,5.19802
1461,2014,15.340909
1462,2014,13.861386
1463,2014,8.508541
1465,2014,11.702128
1466,2014,10.9375
1470,2014,9.901738
1471,2014,11.199207
1472,2014,9.290188
1473,2014,10.049628
1480,2014,4.846884
1481,2014,6.780763
1482,2014,9.844271
1484,2014,13.613685
1485,2014,9.838275
1486,2014,10.53075
1487,2014,5.720123
1488,2014,6.837607
1489,2014,11.311054
1490,2014,3.813012
1491,2014,7.974482
1492,2014,11.735537
1493,2014,11.833259
1494,2014,7.125891
1495,2014,6.508516
1496,2014,7.021132
1497,2014,9.461235
1498,2014,8.78553
1499,2014,8.074741
1715,2014,10.751566
1730,2014,18.156809
1737,2014,7.914262
1760,2014,4.94186
1761,2014,4.291498
1762,2014,
1763,2014,6.294416
1764,2014,9.33908
1765,2014,12.05165
1766,2014,7.008965
1780,2014,2.905297
1781,2014,5.604396
1782,2014,12.467076
1783,2014,8.093525
1784,2014,9.026234
1785,2014,8.727811
1814,2014,7.787611
1860,2014,10.141509
1861,2014,10.817506
1862,2014,8.089261
1863,2014,7.329843
1864,2014,10.028653
1880,2014,5.081589
1881,2014,5.651931
1882,2014,7.572383
1883,2014,5.08346
1884,2014,9.84456
1885,2014,9.017224
1904,2014,12.1875
1907,2014,7.628294
1960,2014,9.04908
1961,2014,7.705054
1962,2014,12.149533
1980,2014,5.865989
1981,2014,5.315615
1982,2014,6.727273
1983,2014,4.480066
1984,2014,7.025547
2021,2014,14.913658
2023,2014,8.372978
2026,2014,11.670762
2029,2014,17.329094
2031,2014,13.896714
2034,2014,13.465347
2039,2014,7.5
2061,2014,5.415617
2062,2014,6.781609
2080,2014,
2081,2014,4.513889
2082,2014,
2083,2014,8.613939
2084,2014,5.552561
2085,2014,3.935986
2101,2014,15.301724
2104,2014,5.739514
2121,2014,9.770688
2132,2014,11.47541
2161,2014,5.816555
2180,2014,4.225571
2181,2014,3.837324
2182,2014,4.787
2183,2014,4.973063
2184,2014,6.983319
2260,2014,4.540163
2262,2014,5.144468
2280,2014,4.865687
2281,2014,4.844704
2282,2014,4.87239
2283,2014,4.456522
2284,2014,6.262969
2303,2014,8.90538
2305,2014,7.27802
2309,2014,8.756841
2313,2014,8.181818
2321,2014,14.105263
2326,2014,5.85034
2361,2014,8.877285
2380,2014,6.075843
2401,2014,19.730942
2403,2014,20.325203
2404,2014,12.373225
2409,2014,15.16035
2417,2014,6.813627
2418,2014,7.594937
2421,2014,16.224649
2422,2014,15.463918
2425,2014,8.787879
2460,2014,9.482002
2462,2014,14.961496
2463,2014,13.836478
2480,2014,7.290884
2481,2014,9.77918
2482,2014,4.317637
2505,2014,4.761905
2506,2014,12.784091
2510,2014,6.858407
2513,2014,8.888889
2514,2014,6.451613
2518,2014,8.141962
2521,2014,7.355021
2523,2014,4.328733
2560,2014,8.640553
2580,2014,2.772154
2581,2014,6.137968
2582,2014,8.384014
2583,2014,6.336406
2584,2014,1.763485
0000,2015,6.955878
0114,2015,8.663029
0115,2015,7.642563
0117,2015,11.178082
0120,2015,9.312377
0123,2015,7.986529
0125,2015,10.638298
0126,2015,6.819258
0127,2015,5.25611
0128,2015,11.372549
0136,2015,6.032432
0138,2015,8.227605
0139,2015,9.199522
0140,2015,6.709265
0160,2015,8.145948
0162,2015,9.535161
0163,2015,6.357717
0180,2015,5.361861
0181,2015,6.123482
0182,2015,5.016332
0183,2015,6.640814
0184,2015,9.897914
0186,2015,9.483423
0187,2015,11.368015
0188,2015,8.55814
0191,2015,6.45275
0192,2015,4.279523
0305,2015,6.988473
0319,2015,5.071315
0330,2015,9.110397
0331,2015,12.395833
0360,2015,10.67217
0380,2015,8.746725
0381,2015,7.264398
0382,2015,14.170259
0428,2015,9.571429
0461,2015,13.483146
0480,2015,6.99058
0481,2015,8.571429
0482,2015,10.381679
0483,2015,7.817158
0484,2015,5.094857
0486,2015,9.33082
0488,2015,12.09068
0509,2015,8.539945
0512,2015,12.956811
0513,2015,9.753086
0560,2015,8.029197
0561,2015,6.908665
0562,2015,5.324814
0563,2015,9.866221
0580,2015,5.565048
0581,2015,5.324675
0582,2015,5.864198
0583,2015,6.322445
0584,2015,9.918699
0586,2015,7.480496
0604,2015,12.065814
0617,2015,8.102109
0642,2015,12.564544
0643,2015,5.357143
0662,2015,9.944341
0665,2015,8.782609
0680,2015,5.259006
0682,2015,8.403931
0683,2015,10.785982
0684,2015,14.6098
0685,2015,10.178019
0686,2015,8.084645
0687,2015,8.538682
0760,2015,10.526316
0761,2015,7.774799
0763,2015,10.289116
0764,2015,8.524958
0765,2015,6.304494
0767,2015,9.070295
0780,2015,4.02282
0781,2015,10.269483
0821,2015,11.818182
0834,2015,10.806697
0840,2015,8.823529
0860,2015,8.131353
0861,2015,10.801688
0862,2015,6.682868
0880,2015,3.926606
0881,2015,8.838912
0882,2015,6.360709
0883,2015,4.883799
0884,2015,7.47331
0885,2015,12.981298
0980,2015,5.712065
1060,2015,8.732877
1080,2015,5.076611
1081,2015,6.495656
1082,2015,9.603201
1083,2015,10.487445
1214,2015,7.394366
1230,2015,7.317073
1231,2015,6.381119
1233,2015,5.882353
1256,2015,7.684729
1257,2015,16.565164
1260,2015,8.969805
1261,2015,6.709265
1262,2015,7.286822
1263,2015,7.587688
1264,2015,12.131716
1265,2015,8.531583
1266,2015,9.439003
1267,2015,10.251256
1270,2015,12.057667
1272,2015,10.601093
1273,2015,7.608696
1275,2015,13.345521
1276,2015,12.964312
1277,2015,15.816768
1278,2015,15.132179
1280,2015,4.758151
1281,2015,7.029454
1282,2015,5.609756
1283,2015,5.402189
1284,2015,8.688699
1285,2015,5.717368
1286,2015,11.689498
1287,2015,7.237398
1290,2015,7.521882
1291,2015,15.120526
1292,2015,9.536424
1293,2015,16.275395
1315,2015,11.459459
1380,2015,6.503739
1381,2015,15.669371
1382,2015,7.233146
1383,2015,7.636919
1384,2015,9.066498
1401,2015,6.087824
1402,2015,6.778426
1407,2015,15.050505
1415,2015,10.035367
1419,2015,16.059028
1421,2015,13.032985
1427,2015,5.482718
1430,2015,13.536201
1435,2015,15.564854
1438,2015,14.700544
1439,2015,8.874459
1440,2015,6.966292
1441,2015,8.263598
1442,2015,11.06599
1443,2015,5.614035
1444,2015,14.345114
1445,2015,10.483871
1446,2015,13.76673
1447,2015,8.401639
1452,2015,10.418605
1460,2015,4.311377
1461,2015,15.4102
1462,2015,12.298387
1463,2015,7.563566
1465,2015,11.013216
1466,2015,12.054121
1470,2015,9.67509
1471,2015,11.111111
1472,2015,8.374875
1473,2015,8.986175
1480,2015,4.36373
1481,2015,6.678422
1482,2015,8.448459
1484,2015,14.255014
1485,2015,9.071863
1486,2015,9.627832
1487,2015,5.251067
1488,2015,6.19469
1489,2015,10.791367
1490,2015,4.377953
1491,2015,7.439713
1492,2015,11.012146
1493,2015,10.932056
1494,2015,6.42108
1495,2015,5.30303
1496,2015,6.673913
1497,2015,9.282178
1498,2015,9.438568
1499,2015,5.653021
1715,2015,9.225875
1730,2015,15.877081
1737,2015,6.42799
1760,2015,4.664723
1761,2015,5.069124
1762,2015,3.614458
1763,2015,5.033882
1764,2015,9.2827
1765,2015,12.171508
1766,2015,6.048387
1780,2015,2.581942
1781,2015,5.222337
1782,2015,11.159547
1783,2015,7.008086
1784,2015,7.861369
1785,2015,8.262108
1814,2015,9.313725
1860,2015,8.991228
1861,2015,9.983361
1862,2015,7.671602
1863,2015,7.191781
1864,2015,9.289617
1880,2015,4.543491
1881,2015,6.543536
1882,2015,7.802198
1883,2015,4.542097
1884,2015,9.350649
1885,2015,7.502518
1904,2015,14.244186
1907,2015,7.544582
1960,2015,10.194903
1961,2015,5.775316
1962,2015,15.625
1980,2015,5.152395
1981,2015,5.07057
1982,2015,6.908769
1983,2015,4.330393
1984,2015,8.333333
2021,2015,13.513514
2023,2015,7.813953
2026,2015,10.791367
2029,2015,17.899761
2031,2015,12.626728
2034,2015,14.836224
2039,2015,7.286822
2061,2015,6.210393
2062,2015,7.541739
2080,2015,
2081,2015,3.255093
2082,2015,
2083,2015,8.695652
2084,2015,5.336788
2085,2015,4.045734
2101,2015,13.333333
2104,2015,4.946237
2121,2015,8.952187
2132,2015,10.209424
2161,2015,4.720088
2180,2015,4.250152
2181,2015,3.974563
2182,2015,4.003559
2183,2015,4.34385
2184,2015,6.661093
2260,2015,5.47486
2262,2015,5.192982
2280,2015,4.303178
2281,2015,4.509284
2282,2015,4.83251
2283,2015,4.411765
2284,2015,5.758684
2303,2015,9.393346
2305,2015,7.030129
2309,2015,9.134948
2313,2015,7.941403
2321,2015,13.02999
2326,2015,4.539559
2361,2015,8.581138
2380,2015,5.827221
2401,2015,18.003026
2403,2015,17.322835
2404,2015,13.80597
2409,2015,13.900709
2417,2015,9.190372
2418,2015,6.812652
2421,2015,15.933232
2422,2015,12.027491
2425,2015,10.416667
2460,2015,10.103627
2462,2015,15.384615
2463,2015,11.63522
2480,2015,7.005236
2481,2015,9.571162
2482,2015,3.852269
2505,2015,5.150754
2506,2015,14.689266
2510,2015,7.741935
2513,2015,9.823678
2514,2015,5.520305
2518,2015,8.163265
2521,2015,7.386364
2523,2015,4.128719
2560,2015,8.896396
2580,2015,2.70936
2581,2015,5.640759
2582,2015,7.889033
2583,2015,6.481481
2584,2015,1.704545
0000,2016,6.54673
0114,2016,7.573813
0115,2016,6.868918
0117,2016,10.6866
0120,2016,8.683906
0123,2016,7.245337
0125,2016,10.646636
0126,2016,6.394371
0127,2016,4.698538
0128,2016,11.313869
0136,2016,5.422716
0138,2016,8.008982
0139,2016,8.188446
0140,2016,6.52819
0160,2016,6.579502
0162,2016,8.749266
0163,2016,5.635892
0180,2016,5.493137
0181,2016,6.2829
0182,2016,4.896209
0183,2016,8.03649
0184,2016,8.450704
0186,2016,9.595376
0187,2016,10.447761
0188,2016,9.070191
0191,2016,6.183155
0192,2016,4.645227
0305,2016,5.939227
0319,2016,4.797601
0330,2016,7.269155
0331,2016,10.588235
0360,2016,9.616485
0380,2016,8.264858
0381,2016,6.886137
0382,2016,13.225301
0428,2016,7.641634
0461,2016,11.300122
0480,2016,5.929601
0481,2016,8.640674
0482,2016,9.82659
0483,2016,8.09194
0484,2016,4.619936
0486,2016,10.052678
0488,2016,11.819235
0509,2016,6.127451
0512,2016,13.690476
0513,2016,10.294118
0560,2016,7.559395
0561,2016,5.220418
0562,2016,4.554759
0563,2016,
0580,2016,5.134613
0581,2016,5.011732
0582,2016,4.304029
0583,2016,5.839045
0584,2016,8.137715
0586,2016,6.56304
0604,2016,11.317568
0617,2016,8.161045
0642,2016,10.423453
0643,2016,4.460581
0662,2016,8.050542
0665,2016,8.411215
0680,2016,4.77389
0682,2016,6.959009
0683,2016,11.701783
0684,2016,11.844332
0685,2016,10.205554
0686,2016,7.841087
0687,2016,7.142857
0760,2016,10.426009
0761,2016,8.411215
0763,2016,9.009009
0764,2016,7.317073
0765,2016,4.711347
0767,2016,9.705562
0780,2016,4.191033
0781,2016,8.579566
0821,2016,11.073826
0834,2016,10.751105
0840,2016,6.528662
0860,2016,6.988473
0861,2016,8.860759
0862,2016,6.378132
0880,2016,3.437222
0881,2016,9.021113
0882,2016,6.238113
0883,2016,4.532305
0884,2016,6.887238
0885,2016,11.967546
0980,2016,5.67963
1060,2016,8.591885
1080,2016,4.885469
1081,2016,5.84166
1082,2016,8.735415
1083,2016,8.479532
1214,2016,7.392027
1230,2016,6.773619
1231,2016,6.408094
1233,2016,6.218487
1256,2016,6.146789
1257,2016,16.433566
1260,2016,7.666941
1261,2016,6.505771
1262,2016,6.192822
1263,2016,6.506365
1264,2016,11.312964
1265,2016,8.742331
1266,2016,11.037344
1267,2016,9.727273
1270,2016,12.333736
1272,2016,9.936575
1273,2016,8.2038
1275,2016,14.536741
1276,2016,12.251882
1277,2016,7.869634
1278,2016,13.251962
1280,2016,4.511547
1281,2016,6.692747
1282,2016,5.885747
1283,2016,4.92539
1284,2016,8.559919
1285,2016,5.979381
1286,2016,11.24704
1287,2016,7.0
1290,2016,7.205647
1291,2016,13.998614
1292,2016,8.735037
1293,2016,14.64503
1315,2016,9.961315
1380,2016,5.818691
1381,2016,12.938913
1382,2016,6.743421
1383,2016,7.698745
1384,2016,8.303303
1401,2016,5.867014
1402,2016,6.375484
1407,2016,13.870665
1415,2016,8.875
1419,2016,14.677419
1421,2016,10.817121
1427,2016,4.772475
1430,2016,12.403846
1435,2016,15.706393
1438,2016,13.301282
1439,2016,8.030593
1440,2016,5.805085
1441,2016,5.469799
1442,2016,10.611855
1443,2016,6.426332
1444,2016,12.524085
1445,2016,9.578544
1446,2016,13.715278
1447,2016,9.84556
1452,2016,8.80069
1460,2016,4.318937
1461,2016,13.417191
1462,2016,11.79941
1463,2016,6.741916
1465,2016,9.64467
1466,2016,12.230216
1470,2016,8.638563
1471,2016,9.041096
1472,2016,8.699902
1473,2016,6.779661
1480,2016,4.161236
1481,2016,5.852632
1482,2016,7.297726
1484,2016,11.720867
1485,2016,8.251086
1486,2016,8.460919
1487,2016,5.360281
1488,2016,5.739645
1489,2016,9.247184
1490,2016,4.394827
1491,2016,6.714628
1492,2016,9.711684
1493,2016,10.072557
1494,2016,4.431929
1495,2016,5.730028
1496,2016,6.599412
1497,2016,9.302326
1498,2016,8.433735
1499,2016,4.428392
1715,2016,10.02004
1730,2016,13.480392
1737,2016,7.783543
1760,2016,5.066667
1761,2016,4.112554
1762,2016,3.380282
1763,2016,6.035283
1764,2016,9.587217
1765,2016,12.09068
1766,2016,6.552494
1780,2016,2.437923
1781,2016,4.686753
1782,2016,10.39805
1783,2016,6.962576
1784,2016,7.886179
1785,2016,7.384824
1814,2016,9.44
1860,2016,8.739837
1861,2016,10.098522
1862,2016,7.905138
1863,2016,7.878788
1864,2016,8.093995
1880,2016,4.43225
1881,2016,5.851064
1882,2016,7.452165
1883,2016,5.547602
1884,2016,9.259259
1885,2016,7.542694
1904,2016,12.634409
1907,2016,7.335907
1960,2016,8.794326
1961,2016,6.886447
1962,2016,14.176245
1980,2016,5.37066
1981,2016,5.229403
1982,2016,6.77551
1983,2016,4.458841
1984,2016,8.808725
2021,2016,12.462908
2023,2016,8.878505
2026,2016,9.485714
2029,2016,17.46988
2031,2016,13.230241
2034,2016,13.043478
2039,2016,7.522124
2061,2016,5.783133
2062,2016,7.72973
2080,2016,
2081,2016,3.340249
2082,2016,
2083,2016,7.346327
2084,2016,4.869086
2085,2016,4.244482
2101,2016,11.937378
2104,2016,4.819277
2121,2016,8.165138
2132,2016,10.659898
2161,2016,4.924044
2180,2016,4.208178
2181,2016,3.923832
2182,2016,3.58615
2183,2016,4.645048
2184,2016,7.340946
2260,2016,5.005214
2262,2016,5.377049
2280,2016,3.617811
2281,2016,4.443887
2282,2016,4.512067
2283,2016,4.334523
2284,2016,5.429226
2303,2016,8.912656
2305,2016,
2309,2016,6.940874
2313,2016,7.199424
2321,2016,12.215132
2326,2016,4.211793
2361,2016,9.454855
2380,2016,5.934195
2401,2016,16.740088
2403,2016,14.869888
2404,2016,10.782609
2409,2016,14.248366
2417,2016,8.829569
2418,2016,7.918552
2421,2016,14.224138
2422,2016,11.400651
2425,2016,9.89011
2460,2016,10.21097
2462,2016,14.439655
2463,2016,10.759494
2480,2016,6.375907
2481,2016,9.70816
2482,2016,3.42246
2505,2016,4.460094
2506,2016,13.83812
2510,2016,7.017544
2513,2016,7.038835
2514,2016,5.716121
2518,2016,6.653226
2521,2016,7.891156
2523,2016,4.282268
2560,2016,9.513742
2580,2016,2.62569
2581,2016,5.346784
2582,2016,8.3022
2583,2016,5.717489
2584,2016,1.775148
0000,2017,6.104481
0114,2017,6.65837
0115,2017,6.896552
0117,2017,9.17382
0120,2017,7.854406
0123,2017,6.922712
0125,2017,10.608021
0126,2017,5.699878
0127,2017,4.468363
0128,2017,12.35023
0136,2017,5.898578
0138,2017,6.469003
0139,2017,7.577434
0140,2017,5.120482
0160,2017,5.96
0162,2017,7.615112
0163,2017,4.731744
0180,2017,5.207648
0181,2017,6.030759
0182,2017,5.012531
0183,2017,7.389801
0184,2017,8.454313
0186,2017,8.581236
0187,2017,11.908932
0188,2017,7.937916
0191,2017,6.331169
0192,2017,4.327902
0305,2017,6.841046
0319,2017,5.524079
0330,2017,6.837607
0331,2017,9.85267
0360,2017,8.759124
0380,2017,5.555993
0381,2017,6.123662
0382,2017,12.43629
0428,2017,5.944518
0461,2017,10.747664
0480,2017,5.696777
0481,2017,7.268951
0482,2017,9.226402
0483,2017,5.259901
0484,2017,4.297597
0486,2017,10.047847
0488,2017,10.876804
0509,2017,5.497382
0512,2017,11.006289
0513,2017,9.513024
0560,2017,7.740586
0561,2017,6.775956
0562,2017,4.84115
0563,2017,10.2526
0580,2017,4.809534
0581,2017,4.807951
0582,2017,4.411765
0583,2017,5.65317
0584,2017,7.430341
0586,2017,6.42949
0604,2017,8.957655
0617,2017,6.61435
0642,2017,8.988764
0643,2017,5.111821
0662,2017,3.911388
0665,2017,7.536467
0680,2017,4.452111
0682,2017,6.038101
0683,2017,10.78905
0684,2017,12.755519
0685,2017,9.212428
0686,2017,7.834101
0687,2017,6.034939
0760,2017,11.111111
0761,2017,7.783019
0763,2017,8.462164
0764,2017,7.047517
0765,2017,5.602606
0767,2017,10.927835
0780,2017,3.870363
0781,2017,8.286713
0821,2017,10.655738
0834,2017,10.784314
0840,2017,6.219313
0860,2017,6.121045
0861,2017,8.641975
0862,2017,6.521739
0880,2017,3.385689
0881,2017,8.834586
0882,2017,6.539197
0883,2017,4.423934
0884,2017,7.31383
0885,2017,10.845771
0980,2017,5.682913
1060,2017,8.103976
1080,2017,4.285714
1081,2017,5.174981
1082,2017,8.458347
1083,2017,8.983287
1214,2017,7.803701
1230,2017,6.298533
1231,2017,7.038835
1233,2017,5.996759
1256,2017,6.637168
1257,2017,15.86758
1260,2017,10.040816
1261,2017,6.780538
1262,2017,6.676136
1263,2017,6.394558
1264,2017,11.201299
1265,2017,8.666164
1266,2017,8.566853
1267,2017,9.296482
1270,2017,11.163337
1272,2017,8.553971
1273,2017,7.935223
1275,2017,13.14554
1276,2017,11.799604
1277,2017,7.165605
1278,2017,13.526971
1280,2017,4.301872
1281,2017,6.49638
1282,2017,5.650199
1283,2017,4.703025
1284,2017,6.459144
1285,2017,5.241521
1286,2017,10.33423
1287,2017,7.003444
1290,2017,3.205805
1291,2017,12.768817
1292,2017,7.409753
1293,2017,13.931763
1315,2017,8.789238
1380,2017,5.58033
1381,2017,11.92399
1382,2017,6.142584
1383,2017,7.532957
1384,2017,8.314707
1401,2017,6.369029
1402,2017,6.025775
1407,2017,15.10989
1415,2017,8.697444
1419,2017,15.453802
1421,2017,11.611374
1427,2017,5.02994
1430,2017,11.924883
1435,2017,15.698587
1438,2017,13.964687
1439,2017,8.829175
1440,2017,6.337449
1441,2017,5.717086
1442,2017,10.009718
1443,2017,6.092125
1444,2017,12.730627
1445,2017,8.768657
1446,2017,9.660107
1447,2017,8.221797
1452,2017,8.355091
1460,2017,4.23913
1461,2017,12.266112
1462,2017,9.004739
1463,2017,6.414979
1465,2017,8.213552
1466,2017,10.274791
1470,2017,8.074534
1471,2017,9.867173
1472,2017,9.441233
1473,2017,6.877729
1480,2017,3.742809
1481,2017,5.400948
1482,2017,6.487464
1484,2017,10.593792
1485,2017,7.795142
1486,2017,9.034268
1487,2017,5.099971
1488,2017,6.20155
1489,2017,8.663513
1490,2017,3.972907
1491,2017,5.297703
1492,2017,9.304085
1493,2017,9.568163
1494,2017,3.377903
1495,2017,6.003245
1496,2017,6.13733
1497,2017,9.882353
1498,2017,7.159005
1499,2017,2.783792
1715,2017,9.418838
1730,2017,13.043478
1737,2017,8.00317
1760,2017,4.748603
1761,2017,3.579098
1762,2017,
1763,2017,5.229358
1764,2017,9.702458
1765,2017,12.781955
1766,2017,6.375093
1780,2017,2.074381
1781,2017,4.050871
1782,2017,10.708535
1783,2017,6.949153
1784,2017,8.230453
1785,2017,7.307172
1814,2017,9.457364
1860,2017,7.377049
1861,2017,9.011164
1862,2017,6.909548
1863,2017,7.391304
1864,2017,6.666667
1880,2017,4.170128
1881,2017,4.850214
1882,2017,6.854839
1883,2017,5.480905
1884,2017,7.940447
1885,2017,7.011765
1904,2017,11.873351
1907,2017,7.626076
1960,2017,6.573427
1961,2017,6.515581
1962,2017,14.313346
1980,2017,4.567622
1981,2017,5.44186
1982,2017,4.706854
1983,2017,4.083969
1984,2017,7.879773
2021,2017,13.224368
2023,2017,8.423115
2026,2017,9.381898
2029,2017,17.629179
2031,2017,12.274678
2034,2017,13.019892
2039,2017,7.012195
2061,2017,5.412054
2062,2017,6.920232
2080,2017,
2081,2017,2.956557
2082,2017,
2083,2017,5.86133
2084,2017,4.533092
2085,2017,3.897737
2101,2017,10.141988
2104,2017,5.642023
2121,2017,8.426966
2132,2017,11.618799
2161,2017,4.864017
2180,2017,3.840429
2181,2017,4.058625
2182,2017,3.201281
2183,2017,4.381779
2184,2017,7.16355
2260,2017,5.658324
2262,2017,4.49294
2280,2017,3.647276
2281,2017,4.000503
2282,2017,4.132231
2283,2017,4.878049
2284,2017,5.106681
2303,2017,7.567568
2305,2017,5.694444
2309,2017,6.627297
2313,2017,7.780157
2321,2017,10.714286
2326,2017,4.404762
2361,2017,8.38537
2380,2017,6.036104
2401,2017,16.033755
2403,2017,17.081851
2404,2017,10.956522
2409,2017,15.942029
2417,2017,8.333333
2418,2017,6.728538
2421,2017,13.193403
2422,2017,9.342561
2425,2017,9.375
2460,2017,9.873188
2462,2017,15.767196
2463,2017,12.269939
2480,2017,4.537881
2481,2017,9.623431
2482,2017,3.521127
2505,2017,4.907975
2506,2017,13.314448
2510,2017,6.640625
2513,2017,8.353808
2514,2017,4.015056
2518,2017,6.573705
2521,2017,9.131075
2523,2017,3.882353
2560,2017,8.681672
2580,2017,2.391272
2581,2017,5.221868
2582,2017,9.078712
2583,2017,6.674208
2584,2017,1.682335
0000,2018,5.694686
0114,2018,5.71762
0115,2018,6.818182
0117,2018,9.802877
0120,2018,7.517084
0123,2018,6.895756
0125,2018,8.925204
0126,2018,5.937693
0127,2018,3.70915
0128,2018,8.963585
0136,2018,5.370791
0138,2018,5.687023
0139,2018,6.882169
0140,2018,5.059524
0160,2018,6.486704
0162,2018,8.837772
0163,2018,4.740904
0180,2018,4.819163
0181,2018,5.264912
0182,2018,4.326047
0183,2018,5.942711
0184,2018,8.186398
0186,2018,8.613525
0187,2018,11.044776
0188,2018,6.535088
0191,2018,6.647673
0192,2018,3.960396
0305,2018,6.987475
0319,2018,5.494505
0330,2018,6.786051
0331,2018,10.541311
0360,2018,7.979911
0380,2018,4.225989
0381,2018,5.997001
0382,2018,11.36131
0428,2018,4.755945
0461,2018,10.128056
0480,2018,5.904719
0481,2018,6.225296
0482,2018,9.019886
0483,2018,5.336911
0484,2018,3.923139
0486,2018,9.548611
0488,2018,9.924488
0509,2018,6.467662
0512,2018,10.0
0513,2018,9.060023
0560,2018,7.494647
0561,2018,5.902004
0562,2018,4.059406
0563,2018,8.63836
0580,2018,4.853366
0581,2018,4.443435
0582,2018,4.07785
0583,2018,5.383235
0584,2018,7.492355
0586,2018,5.294118
0604,2018,7.377049
0617,2018,6.737968
0642,2018,8.957655
0643,2018,5.405405
0662,2018,3.544128
0665,2018,7.142857
0680,2018,4.147801
0682,2018,6.03641
0683,2018,9.987277
0684,2018,12.251656
0685,2018,9.43194
0686,2018,7.561235
0687,2018,6.112601
0760,2018,10.108696
0761,2018,7.125891
0763,2018,7.342378
0764,2018,6.222944
0765,2018,4.822955
0767,2018,10.0
0780,2018,3.643832
0781,2018,7.729636
0821,2018,10.742496
0834,2018,10.043668
0840,2018,7.351779
0860,2018,3.62173
0861,2018,8.550186
0862,2018,5.440696
0880,2018,2.750665
0881,2018,7.203962
0882,2018,6.136184
0883,2018,3.429101
0884,2018,6.568365
0885,2018,10.843373
0980,2018,5.56872
1060,2018,7.805255
1080,2018,4.143059
1081,2018,4.981949
1082,2018,6.530612
1083,2018,8.471074
1214,2018,7.189015
1230,2018,6.038048
1231,2018,6.191223
1233,2018,6.466877
1256,2018,5.512489
1257,2018,15.776987
1260,2018,9.649123
1261,2018,6.256463
1262,2018,5.259366
1263,2018,6.711409
1264,2018,10.782748
1265,2018,8.447489
1266,2018,8.081633
1267,2018,9.250694
1270,2018,10.125
1272,2018,9.173387
1273,2018,8.605852
1275,2018,13.153724
1276,2018,9.811828
1277,2018,6.155076
1278,2018,12.740385
1280,2018,3.946098
1281,2018,5.913661
1282,2018,5.53811
1283,2018,4.279899
1284,2018,5.670927
1285,2018,5.120275
1286,2018,8.953015
1287,2018,6.524217
1290,2018,2.98703
1291,2018,6.133333
1292,2018,7.53403
1293,2018,12.793682
1315,2018,8.77193
1380,2018,5.464809
1381,2018,10.551107
1382,2018,6.967341
1383,2018,6.614141
1384,2018,7.869598
1401,2018,6.259589
1402,2018,5.577546
1407,2018,14.893617
1415,2018,7.768595
1419,2018,14.593698
1421,2018,11.21643
1427,2018,4.761905
1430,2018,11.090226
1435,2018,15.384615
1438,2018,13.957307
1439,2018,6.827309
1440,2018,5.317395
1441,2018,4.982206
1442,2018,8.546169
1443,2018,3.781513
1444,2018,13.203883
1445,2018,7.249071
1446,2018,9.814815
1447,2018,7.392996
1452,2018,6.266549
1460,2018,3.632479
1461,2018,11.417323
1462,2018,8.135283
1463,2018,6.621704
1465,2018,6.989247
1466,2018,10.586881
1470,2018,8.063405
1471,2018,9.326923
1472,2018,8.880309
1473,2018,6.976744
1480,2018,3.339074
1481,2018,4.763912
1482,2018,5.816135
1484,2018,8.327598
1485,2018,7.074855
1486,2018,7.827476
1487,2018,5.416192
1488,2018,5.492388
1489,2018,7.583509
1490,2018,4.18843
1491,2018,3.684701
1492,2018,4.383358
1493,2018,8.704883
1494,2018,3.601042
1495,2018,5.379922
1496,2018,6.17799
1497,2018,9.090909
1498,2018,6.819923
1499,2018,2.949309
1715,2018,10.01001
1730,2018,14.567901
1737,2018,7.275667
1760,2018,3.581267
1761,2018,3.698535
1762,2018,
1763,2018,5.063291
1764,2018,10.828877
1765,2018,13.630573
1766,2018,6.631893
1780,2018,2.09477
1781,2018,3.264925
1782,2018,10.358891
1783,2018,6.266319
1784,2018,8.340147
1785,2018,5.758808
1814,2018,9.388972
1860,2018,6.036217
1861,2018,8.365911
1862,2018,6.708861
1863,2018,5.730659
1864,2018,5.586592
1880,2018,4.264392
1881,2018,4.652302
1882,2018,7.473684
1883,2018,4.851944
1884,2018,5.134474
1885,2018,6.53626
1904,2018,10.61008
1907,2018,7.435897
1960,2018,6.914894
1961,2018,5.215577
1962,2018,13.28125
1980,2018,4.28454
1981,2018,5.535224
1982,2018,4.234528
1983,2018,4.519341
1984,2018,7.096248
2021,2018,13.40694
2023,2018,8.249497
2026,2018,9.199134
2029,2018,17.112299
2031,2018,11.820535
2034,2018,14.652015
2039,2018,6.466877
2061,2018,5.534106
2062,2018,7.091097
2080,2018,
2081,2018,2.961638
2082,2018,
2083,2018,4.468085
2084,2018,3.996325
2085,2018,3.44086
2101,2018,10.25641
2104,2018,5.952381
2121,2018,7.611798
2132,2018,11.716621
2161,2018,5.411255
2180,2018,3.555878
2181,2018,3.60693
2182,2018,3.653927
2183,2018,4.146661
2184,2018,7.441985
2260,2018,6.550218
2262,2018,4.224464
2280,2018,3.507063
2281,2018,3.81468
2282,2018,4.523935
2283,2018,4.25641
2284,2018,4.720803
2303,2018,7.821229
2305,2018,5.663189
2309,2018,6.112957
2313,2018,8.208423
2321,2018,10.085633
2326,2018,5.418139
2361,2018,7.014388
2380,2018,5.509695
2401,2018,14.651494
2403,2018,17.241379
2404,2018,11.753731
2409,2018,13.896458
2417,2018,8.793456
2418,2018,7.656613
2421,2018,13.313609
2422,2018,10.344828
2425,2018,8.637874
2460,2018,9.574468
2462,2018,13.297297
2463,2018,11.43695
2480,2018,4.154673
2481,2018,9.430496
2482,2018,3.275716
2505,2018,4.527814
2506,2018,14.540059
2510,2018,7.099391
2513,2018,8.579088
2514,2018,3.526448
2518,2018,6.695464
2521,2018,8.980213
2523,2018,4.189435
2560,2018,8.710033
2580,2018,2.302436
2581,2018,5.179283
2582,2018,7.97072
2583,2018,4.931193
2584,2018,1.920236
0000,2019,5.347521
0114,2019,6.375443
0115,2019,7.236467
0117,2019,8.614025
0120,2019,6.927245
0123,2019,6.605293
0125,2019,8.549715
0126,2019,5.189621
0127,2019,3.831791
0128,2019,8.641975
0136,2019,5.02255
0138,2019,5.630027
0139,2019,6.139438
0140,2019,3.295129
0160,2019,6.217822
0162,2019,8.712614
0163,2019,4.931109
0180,2019,4.681635
0181,2019,4.527814
0182,2019,3.901767
0183,2019,5.562474
0184,2019,8.498107
0186,2019,8.647194
0187,2019,9.850746
0188,2019,5.998286
0191,2019,6.049341
0192,2019,3.678038
0305,2019,6.145967
0319,2019,5.044136
0330,2019,5.925926
0331,2019,9.817132
0360,2019,7.348066
0380,2019,3.531043
0381,2019,6.075581
0382,2019,9.97389
0428,2019,3.914141
0461,2019,9.382716
0480,2019,5.04781
0481,2019,7.3
0482,2019,8.426547
0483,2019,5.133723
0484,2019,3.809416
0486,2019,9.070796
0488,2019,9.437964
0509,2019,6.266319
0512,2019,9.240924
0513,2019,8.468677
0560,2019,6.578947
0561,2019,5.439815
0562,2019,3.420039
0563,2019,8.487654
0580,2019,4.528492
0581,2019,4.00952
0582,2019,3.219697
0583,2019,5.192108
0584,2019,7.305936
0586,2019,4.669421
0604,2019,7.5
0617,2019,5.701754
0642,2019,8.607199
0643,2019,4.707113
0662,2019,3.282739
0665,2019,5.709625
0680,2019,4.06063
0682,2019,5.992873
0683,2019,6.858974
0684,2019,11.139674
0685,2019,8.506754
0686,2019,7.68
0687,2019,5.561735
0760,2019,9.162896
0761,2019,8.293269
0763,2019,7.055961
0764,2019,5.983827
0765,2019,3.653506
0767,2019,10.775428
0780,2019,3.58276
0781,2019,7.025516
0821,2019,10.440457
0834,2019,9.104478
0840,2019,5.234796
0860,2019,3.505291
0861,2019,7.815924
0862,2019,4.469274
0880,2019,2.507112
0881,2019,6.681416
0882,2019,5.027069
0883,2019,3.229814
0884,2019,5.444887
0885,2019,8.921162
0980,2019,5.223881
1060,2019,6.740682
1080,2019,3.974675
1081,2019,4.949054
1082,2019,6.231356
1083,2019,8.147632
1214,2019,7.071547
1230,2019,5.123967
1231,2019,6.883217
1233,2019,5.910931
1256,2019,4.962153
1257,2019,15.494636
1260,2019,9.623095
1261,2019,6.325911
1262,2019,5.77957
1263,2019,6.8343
1264,2019,8.566853
1265,2019,8.814815
1266,2019,7.014682
1267,2019,9.816514
1270,2019,10.038119
1272,2019,6.766169
1273,2019,8.247423
1275,2019,13.091483
1276,2019,10.574413
1277,2019,6.264869
1278,2019,12.797375
1280,2019,3.554278
1281,2019,5.644599
1282,2019,5.100794
1283,2019,4.185633
1284,2019,5.450237
1285,2019,4.968728
1286,2019,9.264706
1287,2019,5.402299
1290,2019,2.86864
1291,2019,5.651596
1292,2019,7.207772
1293,2019,12.940229
1315,2019,10.217597
1380,2019,5.279503
1381,2019,9.643705
1382,2019,6.480902
1383,2019,7.051672
1384,2019,7.672711
1401,2019,6.410256
1402,2019,5.416964
1407,2019,12.835249
1415,2019,7.313065
1419,2019,13.321648
1421,2019,4.52381
1427,2019,4.90566
1430,2019,8.880309
1435,2019,14.331723
1438,2019,13.957307
1439,2019,6.534653
1440,2019,4.532692
1441,2019,4.699488
1442,2019,6.737247
1443,2019,5.306122
1444,2019,12.524085
1445,2019,7.809524
1446,2019,9.876543
1447,2019,8.997955
1452,2019,4.812834
1460,2019,3.497268
1461,2019,10.010215
1462,2019,8.663594
1463,2019,7.054567
1465,2019,5.679287
1466,2019,9.535161
1470,2019,7.957746
1471,2019,8.568647
1472,2019,8.59454
1473,2019,6.779661
1480,2019,3.0089
1481,2019,4.517883
1482,2019,5.245991
1484,2019,8.577555
1485,2019,7.086317
1486,2019,7.613006
1487,2019,4.629367
1488,2019,5.29894
1489,2019,7.466196
1490,2019,3.798343
1491,2019,2.998155
1492,2019,3.348554
1493,2019,7.511737
1494,2019,3.522132
1495,2019,4.610951
1496,2019,5.062274
1497,2019,8.610792
1498,2019,5.882353
1499,2019,2.360248
1715,2019,9.580838
1730,2019,13.376623
1737,2019,5.392157
1760,2019,4.087193
1761,2019,2.845246
1762,2019,3.581267
1763,2019,5.087882
1764,2019,8.402204
1765,2019,11.953728
1766,2019,6.782216
1780,2019,2.203976
1781,2019,3.499767
1782,2019,9.2257
1783,2019,6.490179
1784,2019,6.743421
1785,2019,4.542326
1814,2019,6.896552
1860,2019,6.61157
1861,2019,8.130699
1862,2019,4.868914
1863,2019,8.462623
1864,2019,4.571429
1880,2019,4.178592
1881,2019,4.678945
1882,2019,5.882353
1883,2019,3.900325
1884,2019,6.009615
1885,2019,6.103958
1904,2019,11.458333
1907,2019,8.441558
1960,2019,4.477612
1961,2019,5.720193
1962,2019,12.474849
1980,2019,4.537542
1981,2019,4.229323
1982,2019,3.355155
1983,2019,4.294249
1984,2019,6.923077
2021,2019,12.703583
2023,2019,9.1
2026,2019,8.415301
2029,2019,16.628702
2031,2019,12.097476
2034,2019,16.296296
2039,2019,7.305195
2061,2019,5.194805
2062,2019,6.598161
2080,2019,
2081,2019,2.838684
2082,2019,
2083,2019,3.800298
2084,2019,3.741339
2085,2019,2.685765
2101,2019,9.347826
2104,2019,5.23614
2121,2019,7.324219
2132,2019,11.819389
2161,2019,5.228398
2180,2019,3.411079
2181,2019,4.156064
2182,2019,3.348018
2183,2019,4.113224
2184,2019,6.343182
2260,2019,6.136364
2262,2019,4.080268
2280,2019,4.07262
2281,2019,3.655914
2282,2019,4.504021
2283,2019,4.744526
2284,2019,4.502242
2303,2019,7.020873
2305,2019,5.0
2309,2019,5.469278
2313,2019,8.118081
2321,2019,9.778598
2326,2019,3.358209
2361,2019,7.899807
2380,2019,5.406427
2401,2019,14.411765
2403,2019,11.870504
2404,2019,12.072072
2409,2019,10.339943
2417,2019,8.433735
2418,2019,8.951407
2421,2019,13.850837
2422,2019,11.149826
2425,2019,9.868421
2460,2019,10.363153
2462,2019,13.804348
2463,2019,14.488636
2480,2019,4.067255
2481,2019,9.573171
2482,2019,2.717924
2505,2019,5.15873
2506,2019,11.764706
2510,2019,7.740586
2513,2019,7.901907
2514,2019,3.014753
2518,2019,9.395973
2521,2019,9.711684
2523,2019,4.199635
2560,2019,8.370044
2580,2019,2.046154
2581,2019,4.914371
2582,2019,7.491722
2583,2019,4.804469
2584,2019,1.986755
0000,2020,4.887016
0114,2020,5.668016
0115,2020,6.107784
0117,2020,7.658158
0120,2020,7.78964
0123,2020,5.762793
0125,2020,7.555848
0126,2020,5.069196
0127,2020,3.764511
0128,2020,9.661836
0136,2020,4.749011
0138,2020,5.295008
0139,2020,5.544041
0140,2020,4.78955
0160,2020,5.477245
0162,2020,7.387141
0163,2020,4.301471
0180,2020,4.230861
0181,2020,4.530692
0182,2020,4.096663
0183,2020,5.959425
0184,2020,7.95053
0186,2020,8.210442
0187,2020,10.730253
0188,2020,6.242197
0191,2020,6.230637
0192,2020,3.165236
0305,2020,5.747126
0319,2020,5.491699
0330,2020,4.503676
0331,2020,9.300096
0360,2020,6.61157
0380,2020,2.979247
0381,2020,6.090204
0382,2020,10.062565
0428,2020,4.98132
0461,2020,8.322497
0480,2020,4.984959
0481,2020,6.860707
0482,2020,6.732224
0483,2020,4.366677
0484,2020,3.2453
0486,2020,5.418089
0488,2020,8.413206
0509,2020,6.521739
0512,2020,9.206349
0513,2020,8.313253
0560,2020,5.882353
0561,2020,4.61361
0562,2020,3.330116
0563,2020,7.855974
0580,2020,4.527814
0581,2020,1.480111
0582,2020,2.314815
0583,2020,4.91083
0584,2020,7.355243
0586,2020,4.50872
0604,2020,6.583072
0617,2020,7.18232
0642,2020,9.688581
0643,2020,4.974093
0662,2020,2.573667
0665,2020,5.528053
0680,2020,3.663446
0682,2020,6.095176
0683,2020,6.735087
0684,2020,10.960068
0685,2020,8.204742
0686,2020,7.540984
0687,2020,5.235294
0760,2020,9.165687
0761,2020,6.962785
0763,2020,7.355372
0764,2020,5.34141
0765,2020,3.752132
0767,2020,9.481916
0780,2020,3.466486
0781,2020,7.253142
0821,2020,10.278746
0834,2020,7.05036
0840,2020,3.541186
0860,2020,3.328982
0861,2020,7.19886
0862,2020,3.634361
0880,2020,2.651449
0881,2020,6.372763
0882,2020,4.632901
0883,2020,2.896294
0884,2020,5.052493
0885,2020,7.244898
0980,2020,4.408857
1060,2020,5.055292
1080,2020,3.494671
1081,2020,4.967603
1082,2020,5.384355
1083,2020,7.719547
1214,2020,7.398374
1230,2020,4.957983
1231,2020,6.009245
1233,2020,5.50381
1256,2020,4.916667
1257,2020,14.608076
1260,2020,9.332261
1261,2020,6.059037
1262,2020,5.360688
1263,2020,6.769826
1264,2020,8.868999
1265,2020,7.09583
1266,2020,6.683168
1267,2020,9.537037
1270,2020,6.418485
1272,2020,5.87103
1273,2020,7.010135
1275,2020,10.248447
1276,2020,8.846658
1277,2020,5.993432
1278,2020,11.306533
1280,2020,3.116893
1281,2020,5.616861
1282,2020,4.882514
1283,2020,4.236834
1284,2020,4.142973
1285,2020,4.56287
1286,2020,5.958073
1287,2020,4.630751
1290,2020,2.55445
1291,2020,9.893048
1292,2020,6.228154
1293,2020,11.636438
1315,2020,8.742633
1380,2020,4.933495
1381,2020,8.866761
1382,2020,6.418821
1383,2020,7.124582
1384,2020,7.639305
1401,2020,6.033941
1402,2020,5.095772
1407,2020,12.295869
1415,2020,6.733167
1419,2020,12.27154
1421,2020,3.278689
1427,2020,4.140527
1430,2020,8.016032
1435,2020,12.568735
1438,2020,13.153457
1439,2020,6.916996
1440,2020,3.128809
1441,2020,5.353788
1442,2020,5.14776
1443,2020,4.959786
1444,2020,10.338346
1445,2020,5.905512
1446,2020,9.386282
1447,2020,7.239819
1452,2020,3.656307
1460,2020,3.752759
1461,2020,6.626506
1462,2020,8.528585
1463,2020,6.409131
1465,2020,5.303867
1466,2020,6.451613
1470,2020,7.142857
1471,2020,8.993157
1472,2020,7.446809
1473,2020,6.438214
1480,2020,2.847615
1481,2020,4.041641
1482,2020,4.939956
1484,2020,8.333333
1485,2020,6.337633
1486,2020,6.40625
1487,2020,3.222027
1488,2020,4.542689
1489,2020,6.680221
1490,2020,3.664256
1491,2020,2.629234
1492,2020,2.737643
1493,2020,6.180258
1494,2020,2.910502
1495,2020,3.985932
1496,2020,4.984864
1497,2020,6.88019
1498,2020,4.905063
1499,2020,2.355938
1715,2020,9.244533
1730,2020,15.336658
1737,2020,6.355932
1760,2020,3.293413
1761,2020,3.262411
1762,2020,3.038674
1763,2020,4.967801
1764,2020,10.848401
1765,2020,12.156863
1766,2020,5.909798
1780,2020,1.94974
1781,2020,3.121951
1782,2020,9.74359
1783,2020,5.709343
1784,2020,6.079404
1785,2020,4.421518
1814,2020,6.419401
1860,2020,6.208426
1861,2020,6.320542
1862,2020,4.961832
1863,2020,6.628242
1864,2020,4.632153
1880,2020,3.586377
1881,2020,4.195459
1882,2020,4.947368
1883,2020,3.21648
1884,2020,6.682578
1885,2020,5.174892
1904,2020,9.383378
1907,2020,7.984293
1960,2020,3.499327
1961,2020,6.194081
1962,2020,12.215321
1980,2020,3.690163
1981,2020,2.920057
1982,2020,3.130148
1983,2020,3.257953
1984,2020,6.544755
2021,2020,13.239875
2023,2020,9.488372
2026,2020,8.163265
2029,2020,16.729465
2031,2020,10.207769
2034,2020,13.443831
2039,2020,8.103728
2061,2020,4.840764
2062,2020,7.154472
2080,2020,1.996637
2081,2020,2.388664
2082,2020,3.699789
2083,2020,3.46908
2084,2020,3.485634
2085,2020,2.486438
2101,2020,9.87395
2104,2020,5.252317
2121,2020,7.263682
2132,2020,10.571429
2161,2020,4.307869
2180,2020,3.259302
2181,2020,3.963594
2182,2020,3.505618
2183,2020,4.222821
2184,2020,5.221648
2260,2020,5.854801
2262,2020,4.389575
2280,2020,4.415954
2281,2020,2.875193
2282,2020,3.123257
2283,2020,3.952355
2284,2020,4.321217
2303,2020,8.379888
2305,2020,5.722892
2309,2020,4.242003
2313,2020,7.908352
2321,2020,9.296029
2326,2020,4.484848
2361,2020,8.403361
2380,2020,4.988354
2401,2020,13.129771
2403,2020,8.178439
2404,2020,11.806798
2409,2020,10.181311
2417,2020,8.080808
2418,2020,7.065217
2421,2020,13.643411
2422,2020,12.323944
2425,2020,7.665505
2460,2020,9.972041
2462,2020,14.712644
2463,2020,12.349398
2480,2020,3.762113
2481,2020,8.076449
2482,2020,2.299431
2505,2020,4.481793
2506,2020,14.65798
2510,2020,6.081081
2513,2020,7.26257
2514,2020,2.931804
2518,2020,5.842697
2521,2020,9.159159
2523,2020,3.155941
2560,2020,7.83848
2580,2020,2.121685
2581,2020,4.551107
2582,2020,6.032285
2583,2020,5.061867
2584,2020,1.954569
0000,2021,4.534181
0114,2021,6.635892
0115,2021,5.291642
0117,2021,8.096036
0120,2021,6.614945
0123,2021,4.989409
0125,2021,7.361564
0126,2021,5.038265
0127,2021,3.211703
0128,2021,9.332024
0136,2021,4.527
0138,2021,5.694342
0139,2021,5.054152
0140,2021,4.296296
0160,2021,5.103734
0162,2021,7.671044
0163,2021,5.025679
0180,2021,4.243656
0181,2021,4.063168
0182,2021,3.923845
0183,2021,5.446985
0184,2021,8.185539
0186,2021,7.430213
0187,2021,9.259259
0188,2021,5.866784
0191,2021,6.060606
0192,2021,3.170478
0305,2021,6.24621
0319,2021,6.167979
0330,2021,5.630027
0331,2021,7.670455
0360,2021,5.706371
0380,2021,2.802548
0381,2021,5.596708
0382,2021,9.053498
0428,2021,4.287516
0461,2021,8.176101
0480,2021,4.556251
0481,2021,5.53814
0482,2021,6.125461
0483,2021,4.416213
0484,2021,3.141704
0486,2021,4.371585
0488,2021,6.88592
0509,2021,6.149733
0512,2021,7.792208
0513,2021,8.429561
0560,2021,5.676856
0561,2021,5.088496
0562,2021,2.668607
0563,2021,7.13128
0580,2021,4.603854
0581,2021,1.260582
0582,2021,1.914312
0583,2021,4.181818
0584,2021,5.91133
0586,2021,4.070499
0604,2021,6.290323
0617,2021,6.994536
0642,2021,7.912458
0643,2021,5.117707
0662,2021,2.257587
0665,2021,5.284227
0680,2021,3.220108
0682,2021,5.455692
0683,2021,6.054812
0684,2021,9.380235
0685,2021,8.106089
0686,2021,7.09607
0687,2021,5.041032
0760,2021,9.551887
0761,2021,6.175772
0763,2021,8.809892
0764,2021,5.901639
0765,2021,3.258427
0767,2021,9.392789
0780,2021,3.136309
0781,2021,6.336775
0821,2021,8.912656
0834,2021,3.971631
0840,2021,3.206997
0860,2021,2.922078
0861,2021,6.778426
0862,2021,3.675676
0880,2021,4.205764
0881,2021,7.178784
0882,2021,4.134467
0883,2021,2.65596
0884,2021,5.015873
0885,2021,6.126482
0980,2021,3.71974
1060,2021,4.402516
1080,2021,3.2481
1081,2021,4.785362
1082,2021,5.225653
1083,2021,7.576747
1214,2021,6.050695
1230,2021,5.483871
1231,2021,5.291411
1233,2021,4.55298
1256,2021,3.906899
1257,2021,7.55608
1260,2021,5.535925
1261,2021,5.681818
1262,2021,6.046236
1263,2021,6.587202
1264,2021,5.923617
1265,2021,6.730769
1266,2021,6.276151
1267,2021,9.272727
1270,2021,5.487805
1272,2021,4.761905
1273,2021,7.023144
1275,2021,9.355828
1276,2021,6.315789
1277,2021,5.528846
1278,2021,8.488278
1280,2021,2.734839
1281,2021,5.096049
1282,2021,4.835766
1283,2021,3.920315
1284,2021,4.368932
1285,2021,3.979592
1286,2021,5.0
1287,2021,3.974895
1290,2021,2.515469
1291,2021,9.626346
1292,2021,5.725907
1293,2021,11.48
1315,2021,9.17782
1380,2021,4.539766
1381,2021,7.744875
1382,2021,6.384197
1383,2021,6.855837
1384,2021,6.742926
1401,2021,4.76491
1402,2021,4.878049
1407,2021,10.067114
1415,2021,6.294821
1419,2021,9.310345
1421,2021,2.824859
1427,2021,3.670886
1430,2021,7.747934
1435,2021,11.928737
1438,2021,10.684474
1439,2021,6.623932
1440,2021,2.925327
1441,2021,4.652586
1442,2021,4.202483
1443,2021,4.0
1444,2021,7.663551
1445,2021,5.970149
1446,2021,7.460036
1447,2021,6.415929
1452,2021,4.295051
1460,2021,4.121475
1461,2021,5.905906
1462,2021,7.952468
1463,2021,5.492589
1465,2021,4.016913
1466,2021,6.761566
1470,2021,6.502396
1471,2021,8.823529
1472,2021,7.157895
1473,2021,6.236786
1480,2021,2.662159
1481,2021,4.429745
1482,2021,4.380746
1484,2021,6.504646
1485,2021,5.476146
1486,2021,5.098935
1487,2021,3.256868
1488,2021,4.323346
1489,2021,5.504857
1490,2021,3.308037
1491,2021,3.90117
1492,2021,3.242836
1493,2021,5.139992
1494,2021,2.612994
1495,2021,3.81984
1496,2021,4.785992
1497,2021,5.819477
1498,2021,4.627451
1499,2021,2.361953
1715,2021,7.594937
1730,2021,14.267677
1737,2021,6.265664
1760,2021,4.049844
1761,2021,2.402196
1762,2021,
1763,2021,5.253785
1764,2021,8.567416
1765,2021,10.902256
1766,2021,5.835962
1780,2021,1.983731
1781,2021,2.659574
1782,2021,8.117155
1783,2021,5.541347
1784,2021,6.076891
1785,2021,3.967066
1814,2021,7.723577
1860,2021,5.949657
1861,2021,6.463326
1862,2021,4.302477
1863,2021,5.333333
1864,2021,5.660377
1880,2021,3.15205
1881,2021,3.057199
1882,2021,4.928131
1883,2021,3.049002
1884,2021,6.521739
1885,2021,4.538939
1904,2021,9.974425
1907,2021,7.741935
1960,2021,3.216783
1961,2021,6.984553
1962,2021,10.462777
1980,2021,3.01849
1981,2021,1.664289
1982,2021,2.449889
1983,2021,3.114572
1984,2021,5.986904
2021,2021,11.145511
2023,2021,9.259259
2026,2021,7.357513
2029,2021,16.530156
2031,2021,10.732984
2034,2021,15.584416
2039,2021,7.739938
2061,2021,3.168568
2062,2021,6.903766
2080,2021,1.569599
2081,2021,2.337874
2082,2021,3.295572
2083,2021,3.576751
2084,2021,2.776471
2085,2021,2.045353
2101,2021,9.60334
2104,2021,4.414784
2121,2021,6.128405
2132,2021,10.302198
2161,2021,5.542857
2180,2021,2.786956
2181,2021,3.431085
2182,2021,3.047703
2183,2021,3.676149
2184,2021,3.890098
2260,2021,4.965358
2262,2021,4.536489
2280,2021,3.360958
2281,2021,2.953531
2282,2021,2.486486
2283,2021,3.490217
2284,2021,4.134367
2303,2021,7.142857
2305,2021,5.829596
2309,2021,4.225352
2313,2021,7.775378
2321,2021,7.586207
2326,2021,4.72973
2361,2021,7.749767
2380,2021,4.952741
2401,2021,11.25
2403,2021,8.58209
2404,2021,11.498258
2409,2021,9.318498
2417,2021,8.606557
2418,2021,5.322129
2421,2021,13.219285
2422,2021,12.014134
2425,2021,9.152542
2460,2021,10.130112
2462,2021,13.333333
2463,2021,9.356725
2480,2021,3.736507
2481,2021,6.52725
2482,2021,2.242319
2505,2021,4.621849
2506,2021,13.043478
2510,2021,5.844156
2513,2021,5.785124
2514,2021,2.944862
2518,2021,4.301075
2521,2021,8.484848
2523,2021,3.260188
2560,2021,6.674473
2580,2021,1.668197
2581,2021,4.352127
2582,2021,5.209188
2583,2021,4.162103
2584,2021,2.73752
0000,2022,4.174954
0114,2022,6.186727
0115,2022,5.582524
0117,2022,8.414767
0120,2022,5.994212
0123,2022,4.927212
0125,2022,7.431551
0126,2022,5.035294
0127,2022,3.202788
0128,2022,7.217474
0136,2022,4.861111
0138,2022,5.880231
0139,2022,3.842315
0140,2022,3.519062
0160,2022,4.173486
0162,2022,7.361963
0163,2022,4.555474
0180,2022,4.595546
0181,2022,3.547133
0182,2022,3.486717
0183,2022,6.350451
0184,2022,8.023572
0186,2022,6.714226
0187,2022,10.11236
0188,2022,5.842217
0191,2022,6.209922
0192,2022,2.908163
0305,2022,5.410023
0319,2022,5.163728
0330,2022,4.83304
0331,2022,7.337723
0360,2022,5.150215
0380,2022,2.653825
0381,2022,5.763612
0382,2022,7.549121
0428,2022,3.690037
0461,2022,6.078665
0480,2022,4.358094
0481,2022,5.492228
0482,2022,4.215976
0483,2022,4.40678
0484,2022,2.482385
0486,2022,3.516572
0488,2022,5.859375
0509,2022,6.091371
0512,2022,7.284768
0513,2022,6.853933
0560,2022,7.592191
0561,2022,3.504929
0562,2022,2.885525
0563,2022,6.570513
0580,2022,3.784557
0581,2022,1.061802
0582,2022,1.428571
0583,2022,3.693255
0584,2022,5.619835
0586,2022,3.241491
0604,2022,5.92
0617,2022,9.109731
0642,2022,6.837607
0643,2022,5.714286
0662,2022,1.947098
0665,2022,4.30622
0680,2022,3.953081
0682,2022,5.086372
0683,2022,4.746835
0684,2022,8.595041
0685,2022,6.437292
0686,2022,7.108498
0687,2022,4.239257
0760,2022,7.87309
0761,2022,5.220418
0763,2022,7.287754
0764,2022,4.142632
0765,2022,2.605322
0767,2022,7.778819
0780,2022,2.868852
0781,2022,6.145052
0821,2022,6.403013
0834,2022,2.890173
0840,2022,3.358992
0860,2022,3.104787
0861,2022,5.029155
0862,2022,2.628812
0880,2022,2.89056
0881,2022,7.322552
0882,2022,3.878327
0883,2022,4.052056
0884,2022,3.955501
0885,2022,6.060606
0980,2022,3.490166
1060,2022,3.969466
1080,2022,3.23832
1081,2022,4.628633
1082,2022,5.605307
1083,2022,6.336753
1214,2022,5.604982
1230,2022,4.552716
1231,2022,4.414003
1233,2022,6.530291
1256,2022,3.254679
1257,2022,7.882353
1260,2022,5.209513
1261,2022,4.704652
1262,2022,5.222089
1263,2022,5.466429
1264,2022,5.989386
1265,2022,6.26236
1266,2022,5.538222
1267,2022,7.381371
1270,2022,5.595238
1272,2022,4.956522
1273,2022,5.447471
1275,2022,5.988024
1276,2022,5.049834
1277,2022,4.949729
1278,2022,7.020281
1280,2022,2.393348
1281,2022,4.532277
1282,2022,5.021565
1283,2022,3.672524
1284,2022,3.952569
1285,2022,3.659371
1286,2022,4.86014
1287,2022,3.376252
1290,2022,2.336825
1291,2022,9.005629
1292,2022,5.555556
1293,2022,9.732017
1315,2022,9.191919
1380,2022,4.109436
1381,2022,6.440072
1382,2022,6.62634
1383,2022,6.465517
1384,2022,6.201437
1401,2022,4.913928
1402,2022,4.532775
1407,2022,8.587786
1415,2022,6.122449
1419,2022,6.831768
1421,2022,3.565891
1427,2022,3.148615
1430,2022,6.976744
1435,2022,11.212121
1438,2022,7.65391
1439,2022,7.261411
1440,2022,2.389078
1441,2022,4.521118
1442,2022,4.748858
1443,2022,3.957784
1444,2022,6.309751
1445,2022,6.616257
1446,2022,6.161972
1447,2022,5.307856
1452,2022,2.559242
1460,2022,3.89755
1461,2022,4.040404
1462,2022,7.057823
1463,2022,5.258645
1465,2022,2.705628
1466,2022,5.200946
1470,2022,5.017182
1471,2022,6.628788
1472,2022,6.914345
1473,2022,5.65635
1480,2022,2.451093
1481,2022,3.278363
1482,2022,4.331942
1484,2022,5.434783
1485,2022,4.571949
1486,2022,4.78955
1487,2022,3.27243
1488,2022,4.283519
1489,2022,5.327986
1490,2022,3.185079
1491,2022,4.041667
1492,2022,3.11804
1493,2022,5.312367
1494,2022,2.646589
1495,2022,3.535354
1496,2022,4.298643
1497,2022,5.760369
1498,2022,4.432348
1499,2022,2.013212
1715,2022,8.534323
1730,2022,11.694511
1737,2022,5.518395
1760,2022,4.320988
1761,2022,3.240741
1762,2022,3.005464
1763,2022,4.892704
1764,2022,7.713499
1765,2022,8.809524
1766,2022,5.370651
1780,2022,1.81643
1781,2022,2.986468
1782,2022,6.534824
1783,2022,5.49542
1784,2022,6.532258
1785,2022,3.440703
1814,2022,4.842932
1860,2022,6.153846
1861,2022,5.277973
1862,2022,4.347826
1863,2022,4.189944
1864,2022,4.829545
1880,2022,2.71913
1881,2022,2.971698
1882,2022,3.9801
1883,2022,2.222222
1884,2022,4.489338
1885,2022,3.752969
1904,2022,6.75
1907,2022,7.64411
1960,2022,3.051318
1961,2022,6.905537
1962,2022,8.576998
1980,2022,2.430445
1981,2022,1.888531
1982,2022,2.335766
1983,2022,2.852963
1984,2022,5.990783
2021,2022,9.026798
2023,2022,7.68559
2026,2022,6.916996
2029,2022,13.79822
2031,2022,9.306261
2034,2022,4.587156
2039,2022,6.25
2061,2022,3.625
2062,2022,5.412241
2080,2022,1.17741
2081,2022,1.848842
2082,2022,2.766393
2083,2022,2.57732
2084,2022,2.370304
2085,2022,1.759015
2101,2022,9.917355
2104,2022,4.012346
2121,2022,5.428571
2132,2022,8.908407
2161,2022,4.14962
2180,2022,2.571628
2181,2022,3.016505
2182,2022,2.522523
2183,2022,3.867171
2184,2022,4.201681
2260,2022,5.537099
2262,2022,4.007634
2280,2022,1.836467
2281,2022,2.711999
2282,2022,3.01747
2283,2022,4.042989
2284,2022,3.857886
2303,2022,7.181329
2305,2022,5.263158
2309,2022,4.289544
2313,2022,6.695157
2321,2022,6.978723
2326,2022,4.441913
2361,2022,7.070707
2380,2022,4.434671
2401,2022,11.111111
2403,2022,6.827309
2404,2022,9.50764
2409,2022,8.683473
2417,2022,8.108108
2418,2022,5.23416
2421,2022,11.501597
2422,2022,12.367491
2425,2022,5.594406
2460,2022,10.234742
2462,2022,13.127413
2463,2022,9.52381
2480,2022,3.282374
2481,2022,5.433376
2482,2022,2.14174
2505,2022,4.608939
2506,2022,12.275449
2510,2022,5.381166
2513,2022,5.813953
2514,2022,2.443494
2518,2022,3.151261
2521,2022,7.503828
2523,2022,3.274559
2560,2022,5.517241
2580,2022,2.320643
2581,2022,4.341499
2582,2022,3.434662
2583,2022,3.794643
2584,2022,2.752294
