geo,year,n00210
0000,2009,27.289896
0114,2009,20.357143
0115,2009,30.737135
0117,2009,26.969365
0120,2009,21.088129
0123,2009,21.721311
0125,2009,33.307332
0126,2009,20.15188
0127,2009,16.27451
0128,2009,20.383693
0136,2009,18.910706
0138,2009,21.345907
0139,2009,25.783476
0140,2009,27.102804
0160,2009,25.011146
0162,2009,23.986486
0163,2009,23.333333
0180,2009,18.791576
0181,2009,18.404317
0182,2009,20.23444
0183,2009,14.700315
0184,2009,16.142341
0186,2009,21.104928
0187,2009,27.512356
0188,2009,22.131566
0191,2009,23.024523
0192,2009,22.383721
0305,2009,23.50937
0319,2009,35.384615
0330,2009,27.490542
0331,2009,33.295711
0360,2009,31.803061
0380,2009,27.30335
0381,2009,25.371995
0382,2009,28.596389
0428,2009,24.489796
0461,2009,25.384615
0480,2009,26.076294
0481,2009,32.365747
0482,2009,27.993394
0483,2009,28.792038
0484,2009,22.529758
0486,2009,24.309979
0488,2009,33.176101
0509,2009,30.91922
0512,2009,28.382838
0513,2009,39.176627
0560,2009,35.310734
0561,2009,32.700136
0562,2009,33.076923
0563,2009,26.218487
0580,2009,29.885216
0581,2009,26.251675
0582,2009,33.370044
0583,2009,24.243315
0584,2009,36.15257
0586,2009,31.310345
0604,2009,41.309255
0617,2009,38.451777
0642,2009,32.104121
0643,2009,36.037441
0662,2009,35.942623
0665,2009,36.425121
0680,2009,33.847993
0682,2009,35.275081
0683,2009,34.429992
0684,2009,34.934935
0685,2009,34.885727
0686,2009,37.091394
0687,2009,32.976715
0760,2009,43.6457
0761,2009,43.981481
0763,2009,39.396709
0764,2009,44.079398
0765,2009,36.078431
0767,2009,36.284289
0780,2009,34.179466
0781,2009,38.941711
0821,2009,31.322957
0834,2009,36.491228
0840,2009,31.337325
0860,2009,35.307692
0861,2009,35.860058
0862,2009,37.150466
0880,2009,36.1875
0881,2009,37.750294
0882,2009,30.008143
0883,2009,34.873556
0884,2009,31.019523
0885,2009,36.934673
0980,2009,25.667805
1060,2009,36.515748
1080,2009,32.845662
1081,2009,32.822362
1082,2009,33.187773
1083,2009,36.259229
1214,2009,32.037691
1230,2009,33.470226
1231,2009,26.568627
1233,2009,25.497288
1256,2009,32.604374
1257,2009,40.763359
1260,2009,30.813953
1261,2009,41.305674
1262,2009,34.188034
1263,2009,34.741784
1264,2009,36.787565
1265,2009,40.524017
1266,2009,37.354086
1267,2009,32.218506
1270,2009,39.130435
1272,2009,41.451415
1273,2009,34.934935
1275,2009,42.738589
1276,2009,31.994156
1277,2009,32.970297
1278,2009,39.222942
1280,2009,19.900135
1281,2009,28.414214
1282,2009,34.791386
1283,2009,25.800057
1284,2009,35.009085
1285,2009,32.625251
1286,2009,36.417429
1287,2009,32.357832
1290,2009,33.248852
1291,2009,38.412017
1292,2009,38.389648
1293,2009,31.081415
1315,2009,36.507937
1380,2009,30.680993
1381,2009,37.285986
1382,2009,36.705007
1383,2009,33.897436
1384,2009,32.229704
1401,2009,28.082192
1402,2009,27.719001
1407,2009,32.50591
1415,2009,28.990412
1419,2009,31.25
1421,2009,33.044983
1427,2009,34.465409
1430,2009,35.916359
1435,2009,34.095427
1438,2009,28.235294
1439,2009,29.067245
1440,2009,24.002129
1441,2009,24.442609
1442,2009,37.053571
1443,2009,33.333333
1444,2009,37.391304
1445,2009,42.437923
1446,2009,37.029703
1447,2009,30.845771
1452,2009,35.044423
1460,2009,38.576779
1461,2009,31.812577
1462,2009,33.204633
1463,2009,35.742257
1465,2009,38.08933
1466,2009,34.626039
1470,2009,27.594728
1471,2009,30.834213
1472,2009,28.361345
1473,2009,40.976934
1480,2009,20.033502
1481,2009,26.525443
1482,2009,31.383503
1484,2009,31.2262
1485,2009,23.206251
1486,2009,24.585062
1487,2009,27.116311
1488,2009,21.619135
1489,2009,31.783747
1490,2009,23.978365
1491,2009,33.407821
1492,2009,31.569966
1493,2009,31.946437
1494,2009,35.738734
1495,2009,29.073482
1496,2009,25.608195
1497,2009,36.363636
1498,2009,34.811321
1499,2009,29.497451
1715,2009,31.797753
1730,2009,31.25
1737,2009,34.805195
1760,2009,29.608939
1761,2009,23.193577
1762,2009,15.873016
1763,2009,32.688391
1764,2009,32.331903
1765,2009,30.395137
1766,2009,30.134529
1780,2009,17.710944
1781,2009,26.402835
1782,2009,32.706767
1783,2009,31.232623
1784,2009,35.84991
1785,2009,37.969095
1814,2009,33.551198
1860,2009,29.370629
1861,2009,33.276158
1862,2009,35.984355
1863,2009,26.190476
1864,2009,29.090909
1880,2009,26.42788
1881,2009,26.326671
1882,2009,32.572115
1883,2009,30.29316
1884,2009,31.372549
1885,2009,31.236897
1904,2009,22.60274
1907,2009,26.843658
1960,2009,34.084084
1961,2009,27.495622
1962,2009,25.062035
1980,2009,22.973502
1981,2009,30.82153
1982,2009,32.071269
1983,2009,33.317865
1984,2009,29.435897
2021,2009,32.822086
2023,2009,33.192835
2026,2009,34.20398
2029,2009,34.160463
2031,2009,36.808704
2034,2009,33.943428
2039,2009,35.552194
2061,2009,28.095872
2062,2009,31.445313
2080,2009,
2081,2009,23.670213
2082,2009,
2083,2009,23.025335
2084,2009,24.28169
2085,2009,23.58789
2101,2009,33.698031
2104,2009,29.093051
2121,2009,38.676319
2132,2009,24.646983
2161,2009,24.057574
2180,2009,22.760451
2181,2009,21.763471
2182,2009,17.985948
2183,2009,17.60758
2184,2009,27.373573
2260,2009,24.972973
2262,2009,18.111455
2280,2009,22.881813
2281,2009,18.254649
2282,2009,29.654336
2283,2009,18.266434
2284,2009,31.905558
2303,2009,26.915521
2305,2009,27.172196
2309,2009,28.469751
2313,2009,23.114355
2321,2009,26.442308
2326,2009,31.305638
2361,2009,30.353635
2380,2009,24.197356
2401,2009,30.495356
2403,2009,28.813559
2404,2009,36.053131
2409,2009,31.397174
2417,2009,39.566929
2418,2009,20.42042
2421,2009,25.951557
2422,2009,25.448029
2425,2009,24.496644
2460,2009,29.578844
2462,2009,26.585366
2463,2009,30.973451
2480,2009,23.144433
2481,2009,27.528902
2482,2009,29.169046
2505,2009,23.347398
2506,2009,21.661721
2510,2009,18.415418
2513,2009,34.340659
2514,2009,24.027778
2518,2009,24.669604
2521,2009,20.989505
2523,2009,13.471178
2560,2009,34.185734
2580,2009,24.00068
2581,2009,26.155647
2582,2009,27.502139
2583,2009,23.021583
2584,2009,14.806378
0000,2010,27.310393
0114,2010,21.029083
0115,2010,28.85906
0117,2010,26.542162
0120,2010,22.486772
0123,2010,22.2092
0125,2010,33.462432
0126,2010,20.639049
0127,2010,15.819884
0128,2010,19.136523
0136,2010,19.811538
0138,2010,20.921053
0139,2010,24.055944
0140,2010,26.785714
0160,2010,21.617916
0162,2010,24.156917
0163,2010,22.938531
0180,2010,18.682106
0181,2010,20.050271
0182,2010,20.136132
0183,2010,15.541796
0184,2010,16.761806
0186,2010,20.428401
0187,2010,26.003824
0188,2010,20.681265
0191,2010,21.555845
0192,2010,21.711292
0305,2010,22.493461
0319,2010,33.795494
0330,2010,28.054863
0331,2010,33.712984
0360,2010,31.018206
0380,2010,27.197802
0381,2010,26.696833
0382,2010,28.28341
0428,2010,29.559748
0461,2010,25.545171
0480,2010,26.821457
0481,2010,27.207977
0482,2010,26.150121
0483,2010,28.830084
0484,2010,21.684181
0486,2010,26.774848
0488,2010,31.296572
0509,2010,28.318584
0512,2010,28.368794
0513,2010,38.502674
0560,2010,35.989011
0561,2010,31.707317
0562,2010,32.546267
0563,2010,27.087199
0580,2010,32.571889
0581,2010,27.662651
0582,2010,32.077626
0583,2010,23.555556
0584,2010,36.956522
0586,2010,33.04268
0604,2010,39.491917
0617,2010,38.598726
0642,2010,35.12931
0643,2010,35.230769
0662,2010,35.035284
0665,2010,34.04878
0680,2010,32.727273
0682,2010,36.374795
0683,2010,34.343052
0684,2010,35.215606
0685,2010,37.010989
0686,2010,39.906417
0687,2010,33.836478
0760,2010,42.028986
0761,2010,42.967543
0763,2010,39.928058
0764,2010,42.548887
0765,2010,35.674381
0767,2010,36.05948
0780,2010,34.708249
0781,2010,40.371134
0821,2010,35.420744
0834,2010,35.802469
0840,2010,32.825203
0860,2010,34.698795
0861,2010,38.141336
0862,2010,35.64753
0880,2010,37.060637
0881,2010,38.488171
0882,2010,29.579832
0883,2010,36.307792
0884,2010,32.078313
0885,2010,37.257282
0980,2010,26.440969
1060,2010,35.555556
1080,2010,32.698927
1081,2010,31.772268
1082,2010,34.964761
1083,2010,36.163265
1214,2010,34.213548
1230,2010,31.344793
1231,2010,25.615764
1233,2010,24.881292
1256,2010,30.530973
1257,2010,43.303571
1260,2010,31.937683
1261,2010,39.252336
1262,2010,32.20051
1263,2010,34.021407
1264,2010,34.974874
1265,2010,41.98895
1266,2010,34.645669
1267,2010,33.069977
1270,2010,35.087719
1272,2010,39.596469
1273,2010,34.816248
1275,2010,41.753653
1276,2010,32.597498
1277,2010,33.562992
1278,2010,40.194175
1280,2010,18.866514
1281,2010,29.174264
1282,2010,34.868646
1283,2010,26.571632
1284,2010,35.483871
1285,2010,32.378223
1286,2010,37.16252
1287,2010,32.537815
1290,2010,33.968
1291,2010,37.60745
1292,2010,38.043478
1293,2010,32.781718
1315,2010,36.418269
1380,2010,31.05807
1381,2010,38.610763
1382,2010,38.40993
1383,2010,34.480946
1384,2010,31.14387
1401,2010,27.428794
1402,2010,29.686175
1407,2010,34.363853
1415,2010,30.739726
1419,2010,33.159541
1421,2010,31.672598
1427,2010,36.184211
1430,2010,35.849057
1435,2010,35.044423
1438,2010,27.236581
1439,2010,31.567329
1440,2010,24.855794
1441,2010,23.676652
1442,2010,37.816979
1443,2010,33.974359
1444,2010,34.130435
1445,2010,43.378995
1446,2010,39.484979
1447,2010,31.961259
1452,2010,33.366534
1460,2010,37.792208
1461,2010,30.284302
1462,2010,32.414698
1463,2010,34.262237
1465,2010,39.949109
1466,2010,33.474576
1470,2010,26.578073
1471,2010,31.794334
1472,2010,34.810811
1473,2010,41.746248
1480,2010,18.706528
1481,2010,28.005592
1482,2010,31.718202
1484,2010,30.090498
1485,2010,23.781676
1486,2010,23.700624
1487,2010,28.383067
1488,2010,21.867037
1489,2010,30.397422
1490,2010,24.91948
1491,2010,35.313901
1492,2010,31.059246
1493,2010,32.626506
1494,2010,35.61294
1495,2010,28.79277
1496,2010,28.881306
1497,2010,37.987988
1498,2010,36.842105
1499,2010,35.840708
1715,2010,32.291667
1730,2010,30.769231
1737,2010,33.094812
1760,2010,28.611898
1761,2010,24.042743
1762,2010,17.252396
1763,2010,33.549083
1764,2010,32.768362
1765,2010,32.819723
1766,2010,30.26087
1780,2010,18.82004
1781,2010,26.172107
1782,2010,32.884615
1783,2010,31.629701
1784,2010,35.926259
1785,2010,39.908606
1814,2010,32.897603
1860,2010,27.63466
1861,2010,16.031196
1862,2010,35.887097
1863,2010,28.26087
1864,2010,31.847134
1880,2010,25.318315
1881,2010,27.364439
1882,2010,31.287605
1883,2010,30.222956
1884,2010,34.129213
1885,2010,32.224646
1904,2010,23.321555
1907,2010,28.070175
1960,2010,33.38558
1961,2010,25.088652
1962,2010,25.757576
1980,2010,22.774799
1981,2010,30.18648
1982,2010,31.987248
1983,2010,30.532213
1984,2010,29.846154
2021,2010,35.782748
2023,2010,32.668067
2026,2010,36.755387
2029,2010,33.718054
2031,2010,35.801312
2034,2010,30.84922
2039,2010,32.310178
2061,2010,27.532468
2062,2010,33.141395
2080,2010,
2081,2010,24.558212
2082,2010,
2083,2010,23.177283
2084,2010,19.239631
2085,2010,22.068658
2101,2010,35.371179
2104,2010,26.560726
2121,2010,41.151386
2132,2010,24.271845
2161,2010,23.939394
2180,2010,21.041142
2181,2010,21.69646
2182,2010,18.564593
2183,2010,18.141052
2184,2010,28.466454
2260,2010,20.73991
2262,2010,16.742424
2280,2010,22.589382
2281,2010,18.538826
2282,2010,27.370417
2283,2010,16.876122
2284,2010,32.924803
2303,2010,27.075099
2305,2010,27.444795
2309,2010,28.293546
2313,2010,22.758037
2321,2010,24.275362
2326,2010,31.230284
2361,2010,30.314961
2380,2010,25.25463
2401,2010,27.719821
2403,2010,31.336406
2404,2010,37.832311
2409,2010,32.828283
2417,2010,40.567951
2418,2010,23.255814
2421,2010,24.831081
2422,2010,24.342105
2425,2010,25.324675
2460,2010,29.032258
2462,2010,29.210836
2463,2010,32.930514
2480,2010,24.360716
2481,2010,30.252101
2482,2010,29.489738
2505,2010,23.206751
2506,2010,18.018018
2510,2010,21.327014
2513,2010,34.472934
2514,2010,23.976608
2518,2010,23.362445
2521,2010,22.88961
2523,2010,12.016575
2560,2010,35.102041
2580,2010,21.125794
2581,2010,26.189078
2582,2010,26.182965
2583,2010,22.195416
2584,2010,15.5
0000,2011,26.894319
0114,2011,20.817562
0115,2011,29.092072
0117,2011,25.043579
0120,2011,22.227113
0123,2011,20.681687
0125,2011,32.1955
0126,2011,20.526412
0127,2011,14.949146
0128,2011,19.754464
0136,2011,20.033073
0138,2011,22.152691
0139,2011,24.099723
0140,2011,23.842196
0160,2011,22.01373
0162,2011,22.002725
0163,2011,22.101842
0180,2011,17.973181
0181,2011,18.590341
0182,2011,18.635171
0183,2011,15.104478
0184,2011,15.68323
0186,2011,21.33538
0187,2011,26.103647
0188,2011,21.002506
0191,2011,20.599409
0192,2011,21.258008
0305,2011,22.577928
0319,2011,32.363014
0330,2011,29.129887
0331,2011,34.162896
0360,2011,29.274784
0380,2011,26.014364
0381,2011,25.313653
0382,2011,29.26009
0428,2011,31.369427
0461,2011,26.783115
0480,2011,26.969943
0481,2011,24.393723
0482,2011,25.354462
0483,2011,28.631727
0484,2011,20.954386
0486,2011,24.646465
0488,2011,31.638418
0509,2011,30.232558
0512,2011,27.443609
0513,2011,36.675462
0560,2011,33.692722
0561,2011,31.659693
0562,2011,31.316282
0563,2011,22.840691
0580,2011,31.742078
0581,2011,27.648179
0582,2011,33.409611
0583,2011,23.169994
0584,2011,35.528596
0586,2011,31.780822
0604,2011,37.117904
0617,2011,38.083228
0642,2011,34.285714
0643,2011,37.62963
0662,2011,35.592532
0665,2011,28.527919
0680,2011,32.240705
0682,2011,36.013126
0683,2011,34.660599
0684,2011,36.09407
0685,2011,36.285971
0686,2011,39.947264
0687,2011,34.4294
0760,2011,39.38172
0761,2011,43.659711
0763,2011,39.078341
0764,2011,40.2859
0765,2011,34.377387
0767,2011,36.654367
0780,2011,34.681698
0781,2011,38.774671
0821,2011,34.131737
0834,2011,33.090909
0840,2011,33.398247
0860,2011,36.409822
0861,2011,35.153257
0862,2011,35.89404
0880,2011,34.525475
0881,2011,39.275446
0882,2011,29.140195
0883,2011,35.751634
0884,2011,31.357254
0885,2011,38.346728
0980,2011,26.37386
1060,2011,36.780488
1080,2011,32.833705
1081,2011,32.594645
1082,2011,34.600465
1083,2011,33.523654
1214,2011,30.30303
1230,2011,30.723489
1231,2011,26.686508
1233,2011,22.7
1256,2011,32.429501
1257,2011,42.03103
1260,2011,31.656805
1261,2011,37.371911
1262,2011,33.982157
1263,2011,35.68147
1264,2011,34.268537
1265,2011,40.892532
1266,2011,33.600802
1267,2011,33.371692
1270,2011,34.4
1272,2011,38.071693
1273,2011,34.101825
1275,2011,40.421053
1276,2011,30.325444
1277,2011,33.462658
1278,2011,41.919687
1280,2011,18.539739
1281,2011,29.384908
1282,2011,33.587786
1283,2011,26.349706
1284,2011,33.793103
1285,2011,33.25223
1286,2011,35.918792
1287,2011,30.89484
1290,2011,35.465297
1291,2011,39.152299
1292,2011,37.702038
1293,2011,32.520747
1315,2011,36.797066
1380,2011,29.066468
1381,2011,38.115764
1382,2011,36.652332
1383,2011,34.240945
1384,2011,29.812545
1401,2011,26.259131
1402,2011,27.470687
1407,2011,32.520325
1415,2011,30.386448
1419,2011,32.958035
1421,2011,31.635389
1427,2011,37.124183
1430,2011,38.042131
1435,2011,33.070866
1438,2011,25.294118
1439,2011,28.381375
1440,2011,25.195211
1441,2011,25.490951
1442,2011,38.626126
1443,2011,32.773109
1444,2011,35.730337
1445,2011,44.444444
1446,2011,40.552017
1447,2011,26.044226
1452,2011,33.910387
1460,2011,36.821192
1461,2011,31.707317
1462,2011,31.530343
1463,2011,34.744843
1465,2011,39.74026
1466,2011,33.659218
1470,2011,29.149463
1471,2011,35.411765
1472,2011,34.871245
1473,2011,40.162822
1480,2011,18.957271
1481,2011,26.173542
1482,2011,31.067044
1484,2011,30.135952
1485,2011,24.454044
1486,2011,22.528033
1487,2011,27.715092
1488,2011,22.701215
1489,2011,30.468475
1490,2011,24.805179
1491,2011,33.184107
1492,2011,32.763533
1493,2011,33.082353
1494,2011,34.346591
1495,2011,28.007403
1496,2011,28.694581
1497,2011,37.518464
1498,2011,35.061263
1499,2011,35.677467
1715,2011,30.600462
1730,2011,29.984779
1737,2011,33.448873
1760,2011,24.783862
1761,2011,21.513218
1762,2011,14.920635
1763,2011,32.972973
1764,2011,30.921986
1765,2011,32.882883
1766,2011,31.137725
1780,2011,19.325254
1781,2011,24.365782
1782,2011,33.237822
1783,2011,31.034483
1784,2011,36.750484
1785,2011,35.412027
1814,2011,32.537961
1860,2011,25.116279
1861,2011,34.399309
1862,2011,36.588921
1863,2011,26.785714
1864,2011,30.409357
1880,2011,25.580943
1881,2011,27.209154
1882,2011,28.004808
1883,2011,29.366053
1884,2011,31.669044
1885,2011,32.402846
1904,2011,24.242424
1907,2011,27.153285
1960,2011,36.333333
1961,2011,20.661157
1962,2011,26.30273
1980,2011,23.56714
1981,2011,28.799527
1982,2011,30.564103
1983,2011,31.326949
1984,2011,28.856243
2021,2011,34.10596
2023,2011,30.439224
2026,2011,35.945274
2029,2011,33.855025
2031,2011,35.377358
2034,2011,32.604374
2039,2011,31.732419
2061,2011,26.9437
2062,2011,32.790989
2080,2011,
2081,2011,23.251081
2082,2011,
2083,2011,23.576584
2084,2011,17.986897
2085,2011,19.71831
2101,2011,34.061135
2104,2011,22.675737
2121,2011,39.630836
2132,2011,24.457308
2161,2011,24.390244
2180,2011,21.819111
2181,2011,21.15113
2182,2011,18.456376
2183,2011,17.746717
2184,2011,28.334377
2260,2011,21.630804
2262,2011,16.857361
2280,2011,23.352273
2281,2011,17.919745
2282,2011,24.206816
2283,2011,16.077537
2284,2011,33.326355
2303,2011,25.303644
2305,2011,27.142857
2309,2011,27.504394
2313,2011,21.646859
2321,2011,25.644028
2326,2011,31.132075
2361,2011,28.277886
2380,2011,25.687032
2401,2011,31.203566
2403,2011,31.96347
2404,2011,38.901099
2409,2011,29.449838
2417,2011,38.095238
2418,2011,22.807018
2421,2011,24.705882
2422,2011,26.710098
2425,2011,22.483221
2460,2011,27.984718
2462,2011,28.399519
2463,2011,33.980583
2480,2011,23.96775
2481,2011,30.978261
2482,2011,28.396796
2505,2011,19.783198
2506,2011,19.266055
2510,2011,23.459716
2513,2011,35.410765
2514,2011,21.299639
2518,2011,24.444444
2521,2011,23.202614
2523,2011,12.321307
2560,2011,33.940182
2580,2011,18.853591
2581,2011,27.113191
2582,2011,25.978812
2583,2011,19.751553
2584,2011,14.23445
0000,2012,26.4726
0114,2012,19.745223
0115,2012,28.508217
0117,2012,24.779282
0120,2012,22.363796
0123,2012,20.834492
0125,2012,28.971963
0126,2012,19.771863
0127,2012,12.969674
0128,2012,18.555556
0136,2012,19.122183
0138,2012,22.423223
0139,2012,23.52533
0140,2012,26.739927
0160,2012,21.455577
0162,2012,21.630728
0163,2012,22.279972
0180,2012,17.118599
0181,2012,17.250324
0182,2012,16.935484
0183,2012,16.301126
0184,2012,14.95185
0186,2012,20.936533
0187,2012,24.007937
0188,2012,20.923231
0191,2012,20.596649
0192,2012,20.689655
0305,2012,22.613065
0319,2012,28.327645
0330,2012,28.608924
0331,2012,34.004474
0360,2012,29.775663
0380,2012,25.642458
0381,2012,26.524614
0382,2012,30.891539
0428,2012,33.176839
0461,2012,26.170799
0480,2012,24.783701
0481,2012,25.796662
0482,2012,22.727273
0483,2012,28.066215
0484,2012,20.04187
0486,2012,27.502383
0488,2012,30.434783
0509,2012,30.835735
0512,2012,28.937729
0513,2012,34.196185
0560,2012,34.473684
0561,2012,34.033613
0562,2012,32.813475
0563,2012,23.529412
0580,2012,31.326988
0581,2012,26.864245
0582,2012,34.977578
0583,2012,22.510823
0584,2012,37.749546
0586,2012,30.279432
0604,2012,39.699571
0617,2012,39.778325
0642,2012,33.554084
0643,2012,36.456808
0662,2012,33.808725
0665,2012,34.627171
0680,2012,32.021076
0682,2012,34.233486
0683,2012,34.644195
0684,2012,36.690647
0685,2012,36.154885
0686,2012,40.462046
0687,2012,33.970976
0760,2012,40.42838
0761,2012,44.633731
0763,2012,39.110287
0764,2012,41.536458
0765,2012,32.857143
0767,2012,35.330073
0780,2012,34.815185
0781,2012,37.442154
0821,2012,32.007952
0834,2012,35.144928
0840,2012,32.258065
0860,2012,38.4
0861,2012,37.218413
0862,2012,32.53012
0880,2012,35.096931
0881,2012,38.173302
0882,2012,28.735632
0883,2012,34.616756
0884,2012,35.571543
0885,2012,39.7343
0980,2012,26.912363
1060,2012,36.081474
1080,2012,33.367368
1081,2012,32.643462
1082,2012,33.216511
1083,2012,35.148118
1214,2012,29.648241
1230,2012,26.939655
1231,2012,27.192118
1233,2012,23.350785
1256,2012,31.561822
1257,2012,43.01676
1260,2012,32.831609
1261,2012,37.902753
1262,2012,33.577832
1263,2012,32.822086
1264,2012,34.509804
1265,2012,39.811321
1266,2012,33.094262
1267,2012,30.254042
1270,2012,34.278351
1272,2012,38.356164
1273,2012,37.301587
1275,2012,38.571429
1276,2012,31.727829
1277,2012,30.896686
1278,2012,43.417085
1280,2012,18.028383
1281,2012,29.479985
1282,2012,32.836809
1283,2012,26.128847
1284,2012,34.697406
1285,2012,32.915994
1286,2012,35.604045
1287,2012,31.807551
1290,2012,34.511758
1291,2012,40.379009
1292,2012,38.429173
1293,2012,32.622656
1315,2012,37.935174
1380,2012,28.558626
1381,2012,36.871166
1382,2012,37.012987
1383,2012,33.999001
1384,2012,29.293641
1401,2012,25.681382
1402,2012,27.298851
1407,2012,32.792584
1415,2012,29.731154
1419,2012,32.346939
1421,2012,30.899377
1427,2012,37.614679
1430,2012,37.804878
1435,2012,34.513274
1438,2012,27.011494
1439,2012,28.504673
1440,2012,25.210084
1441,2012,25.918609
1442,2012,39.84109
1443,2012,29.227557
1444,2012,36.179775
1445,2012,46.910755
1446,2012,36.438923
1447,2012,27.791563
1452,2012,32.684426
1460,2012,34.848485
1461,2012,33.208955
1462,2012,31.134565
1463,2012,34.813433
1465,2012,39.921466
1466,2012,32.850941
1470,2012,29.6875
1471,2012,33.217189
1472,2012,35.300429
1473,2012,38.565629
1480,2012,17.162154
1481,2012,27.257565
1482,2012,30.977918
1484,2012,28.803545
1485,2012,25.041109
1486,2012,21.782178
1487,2012,27.041547
1488,2012,22.73766
1489,2012,31.6779
1490,2012,24.969785
1491,2012,34.142114
1492,2012,32.688766
1493,2012,32.885572
1494,2012,32.623509
1495,2012,27.560051
1496,2012,28.315324
1497,2012,40.370899
1498,2012,33.739456
1499,2012,36.091614
1715,2012,30.359212
1730,2012,31.674208
1737,2012,33.451327
1760,2012,26.52439
1761,2012,21.162579
1762,2012,13.924051
1763,2012,31.140351
1764,2012,31.927711
1765,2012,30.516432
1766,2012,28.606965
1780,2012,20.347598
1781,2012,25.832846
1782,2012,31.207066
1783,2012,29.251701
1784,2012,35.541586
1785,2012,34.847298
1814,2012,34.655532
1860,2012,26.600985
1861,2012,33.161954
1862,2012,36.350148
1863,2012,28.053435
1864,2012,29.444444
1880,2012,26.461931
1881,2012,25.837018
1882,2012,28.390368
1883,2012,28.402125
1884,2012,35.244755
1885,2012,31.805158
1904,2012,23.666667
1907,2012,24.260355
1960,2012,35.884354
1961,2012,19.561404
1962,2012,25.0
1980,2012,22.928026
1981,2012,28.698225
1982,2012,26.584867
1983,2012,28.871631
1984,2012,30.676085
2021,2012,36.111111
2023,2012,28.865979
2026,2012,33.921816
2029,2012,33.032046
2031,2012,36.608863
2034,2012,31.983806
2039,2012,30.0
2061,2012,22.797927
2062,2012,31.358025
2080,2012,
2081,2012,22.70519
2082,2012,
2083,2012,21.155411
2084,2012,16.893894
2085,2012,17.291857
2101,2012,34.703196
2104,2012,19.976771
2121,2012,39.534884
2132,2012,23.79562
2161,2012,24.163569
2180,2012,21.772152
2181,2012,19.304471
2182,2012,19.193858
2183,2012,18.377912
2184,2012,27.051768
2260,2012,20.276498
2262,2012,17.058378
2280,2012,22.209234
2281,2012,17.800504
2282,2012,23.979592
2283,2012,16.734221
2284,2012,32.555205
2303,2012,28.151261
2305,2012,28.728414
2309,2012,26.266094
2313,2012,21.760391
2321,2012,25.626424
2326,2012,28.660436
2361,2012,28.927203
2380,2012,25.442578
2401,2012,30.421687
2403,2012,30.735931
2404,2012,37.582418
2409,2012,31.147541
2417,2012,39.049587
2418,2012,23.906706
2421,2012,26.936027
2422,2012,23.549488
2425,2012,22.364217
2460,2012,28.667954
2462,2012,28.571429
2463,2012,34.83871
2480,2012,23.633766
2481,2012,29.098091
2482,2012,29.101563
2505,2012,21.685083
2506,2012,19.749216
2510,2012,21.875
2513,2012,33.333333
2514,2012,20.058565
2518,2012,26.153846
2521,2012,23.414634
2523,2012,11.81694
2560,2012,31.668857
2580,2012,19.51676
2581,2012,26.004728
2582,2012,26.062323
2583,2012,18.64831
2584,2012,10.604265
0000,2013,25.989838
0114,2013,18.312102
0115,2013,28.897338
0117,2013,24.019025
0120,2013,22.5054
0123,2013,21.31513
0125,2013,25.914634
0126,2013,19.156951
0127,2013,12.716429
0128,2013,19.520548
0136,2013,20.721576
0138,2013,21.525215
0139,2013,21.664275
0140,2013,24.573379
0160,2013,19.822761
0162,2013,22.287968
0163,2013,17.947702
0180,2013,16.306402
0181,2013,16.54107
0182,2013,16.234932
0183,2013,16.562322
0184,2013,14.816727
0186,2013,18.774861
0187,2013,27.254098
0188,2013,21.553498
0191,2013,19.756481
0192,2013,20.861128
0305,2013,21.318145
0319,2013,28.042328
0330,2013,27.203065
0331,2013,33.370166
0360,2013,30.581867
0380,2013,24.803708
0381,2013,26.379247
0382,2013,31.040564
0428,2013,30.385852
0461,2013,25.327511
0480,2013,24.871169
0481,2013,23.878437
0482,2013,23.152709
0483,2013,26.426426
0484,2013,19.930891
0486,2013,22.911456
0488,2013,31.088825
0509,2013,30.747126
0512,2013,25.095057
0513,2013,35.427807
0560,2013,35.466667
0561,2013,33.422819
0562,2013,32.523364
0563,2013,22.928709
0580,2013,30.800562
0581,2013,25.993031
0582,2013,34.792368
0583,2013,22.258544
0584,2013,38.345865
0586,2013,31.09811
0604,2013,41.075269
0617,2013,41.927409
0642,2013,37.678208
0643,2013,41.501976
0662,2013,33.82716
0665,2013,33.367037
0680,2013,32.297709
0682,2013,33.228594
0683,2013,33.821321
0684,2013,38.414006
0685,2013,37.015329
0686,2013,37.729867
0687,2013,32.922878
0760,2013,40.0
0761,2013,44.019934
0763,2013,40.980574
0764,2013,42.028061
0765,2013,32.411067
0767,2013,35.087719
0780,2013,34.135091
0781,2013,38.677271
0821,2013,30.876494
0834,2013,31.978799
0840,2013,31.225681
0860,2013,38.475177
0861,2013,35.578748
0862,2013,32.539683
0880,2013,30.573637
0881,2013,38.319328
0882,2013,29.279862
0883,2013,35.823683
0884,2013,37.876387
0885,2013,39.08046
0980,2013,27.826087
1060,2013,35.810811
1080,2013,33.257732
1081,2013,32.105503
1082,2013,31.987814
1083,2013,32.781718
1214,2013,30.094044
1230,2013,27.783784
1231,2013,26.810176
1233,2013,21.45749
1256,2013,32.343234
1257,2013,42.917251
1260,2013,34.346225
1261,2013,34.919691
1262,2013,31.403509
1263,2013,31.235955
1264,2013,37.247353
1265,2013,39.850327
1266,2013,32.205128
1267,2013,29.56621
1270,2013,31.654676
1272,2013,37.18593
1273,2013,31.536114
1275,2013,37.623762
1276,2013,32.316119
1277,2013,27.631579
1278,2013,41.12337
1280,2013,18.323674
1281,2013,29.142928
1282,2013,33.078711
1283,2013,25.311145
1284,2013,35.290664
1285,2013,29.73749
1286,2013,36.543335
1287,2013,31.284916
1290,2013,34.258831
1291,2013,39.018868
1292,2013,37.427954
1293,2013,32.281676
1315,2013,36.953808
1380,2013,27.204142
1381,2013,36.981132
1382,2013,35.446009
1383,2013,33.512545
1384,2013,28.729573
1401,2013,25.485625
1402,2013,29.196168
1407,2013,32.648402
1415,2013,30.584016
1419,2013,32.088799
1421,2013,33.835252
1427,2013,35.21682
1430,2013,37.577256
1435,2013,34.848485
1438,2013,29.693487
1439,2013,30.900243
1440,2013,22.928609
1441,2013,25.470514
1442,2013,40.399556
1443,2013,26.946108
1444,2013,33.636364
1445,2013,50.0
1446,2013,32.978723
1447,2013,32.86385
1452,2013,32.640333
1460,2013,32.365145
1461,2013,35.796178
1462,2013,35.495716
1463,2013,33.038999
1465,2013,38.501971
1466,2013,35.036496
1470,2013,30.971993
1471,2013,31.046119
1472,2013,34.888889
1473,2013,36.982644
1480,2013,16.176604
1481,2013,26.61005
1482,2013,31.147541
1484,2013,28.721805
1485,2013,25.829268
1486,2013,23.518344
1487,2013,28.349146
1488,2013,24.744526
1489,2013,29.946524
1490,2013,23.370544
1491,2013,33.816964
1492,2013,33.42723
1493,2013,33.234568
1494,2013,31.82589
1495,2013,24.637681
1496,2013,27.82716
1497,2013,39.488636
1498,2013,32.173095
1499,2013,35.811058
1715,2013,27.714932
1730,2013,30.699088
1737,2013,32.075472
1760,2013,28.064516
1761,2013,21.547933
1762,2013,14.511041
1763,2013,25.624321
1764,2013,29.057187
1765,2013,29.92126
1766,2013,27.607362
1780,2013,19.255798
1781,2013,25.656325
1782,2013,31.007752
1783,2013,30.980392
1784,2013,35.171103
1785,2013,35.0
1814,2013,34.99044
1860,2013,27.05314
1861,2013,32.114184
1862,2013,36.737805
1863,2013,31.734317
1864,2013,33.532934
1880,2013,25.876411
1881,2013,26.065163
1882,2013,28.748451
1883,2013,28.167282
1884,2013,33.522727
1885,2013,31.118683
1904,2013,22.75641
1907,2013,25.705795
1960,2013,35.641892
1961,2013,19.876325
1962,2013,26.142132
1980,2013,22.720637
1981,2013,27.468582
1982,2013,27.81655
1983,2013,28.0
1984,2013,29.216867
2021,2013,37.543253
2023,2013,26.69363
2026,2013,34.482759
2029,2013,31.715481
2031,2013,37.450593
2034,2013,30.835118
2039,2013,28.0
2061,2013,25.031928
2062,2013,30.631188
2080,2013,
2081,2013,21.117855
2082,2013,
2083,2013,20.78793
2084,2013,16.423144
2085,2013,17.975904
2101,2013,35.581395
2104,2013,33.293979
2121,2013,37.991266
2132,2013,24.061196
2161,2013,25.380402
2180,2013,21.056937
2181,2013,19.540636
2182,2013,18.168813
2183,2013,18.14978
2184,2013,27.261267
2260,2013,20.702179
2262,2013,16.498054
2280,2013,20.842825
2281,2013,17.456102
2282,2013,21.559924
2283,2013,15.645449
2284,2013,34.031303
2303,2013,27.80083
2305,2013,27.158556
2309,2013,27.241379
2313,2013,21.45749
2321,2013,27.058824
2326,2013,26.378539
2361,2013,27.810078
2380,2013,23.731926
2401,2013,30.542636
2403,2013,29.906542
2404,2013,37.276786
2409,2013,29.058442
2417,2013,40.339703
2418,2013,25.872093
2421,2013,25.129088
2422,2013,26.480836
2425,2013,22.222222
2460,2013,26.496565
2462,2013,29.854369
2463,2013,34.628975
2480,2013,23.735225
2481,2013,29.894737
2482,2013,27.844395
2505,2013,20.868347
2506,2013,18.152866
2510,2013,19.727891
2513,2013,33.156499
2514,2013,17.902996
2518,2013,24.719101
2521,2013,23.575949
2523,2013,10.743802
2560,2013,33.289817
2580,2013,19.224368
2581,2013,25.183661
2582,2013,25.153085
2583,2013,19.110577
2584,2013,9.745042
0000,2014,25.471148
0114,2014,18.372093
0115,2014,28.571429
0117,2014,23.443863
0120,2014,21.997417
0123,2014,20.611739
0125,2014,25.310559
0126,2014,19.540025
0127,2014,12.596643
0128,2014,20.414847
0136,2014,20.074349
0138,2014,22.240873
0139,2014,21.774744
0140,2014,22.87695
0160,2014,18.859246
0162,2014,23.152387
0163,2014,15.824916
0180,2014,16.072381
0181,2014,17.180861
0182,2014,16.539827
0183,2014,16.046002
0184,2014,15.131579
0186,2014,17.171717
0187,2014,24.532225
0188,2014,19.312858
0191,2014,19.78022
0192,2014,19.283582
0305,2014,20.414673
0319,2014,31.727575
0330,2014,27.020507
0331,2014,31.770223
0360,2014,30.514208
0380,2014,24.792773
0381,2014,25.626844
0382,2014,30.20214
0428,2014,30.696203
0461,2014,25.406204
0480,2014,24.946409
0481,2014,25.034014
0482,2014,23.655914
0483,2014,26.998158
0484,2014,20.768212
0486,2014,23.80468
0488,2014,30.2391
0509,2014,30.409357
0512,2014,22.053232
0513,2014,37.267905
0560,2014,33.159269
0561,2014,36.503856
0562,2014,30.838323
0563,2014,25.800377
0580,2014,28.999319
0581,2014,25.477778
0582,2014,33.225108
0583,2014,23.297281
0584,2014,38.294011
0586,2014,29.490874
0604,2014,39.958592
0617,2014,38.881988
0642,2014,36.902486
0643,2014,41.331658
0662,2014,34.800326
0665,2014,31.501472
0680,2014,31.699379
0682,2014,32.032774
0683,2014,33.555803
0684,2014,37.862138
0685,2014,36.274945
0686,2014,39.42428
0687,2014,33.290735
0760,2014,39.947438
0761,2014,39.685039
0763,2014,41.154562
0764,2014,41.333333
0765,2014,33.537989
0767,2014,34.563346
0780,2014,33.24688
0781,2014,36.757426
0821,2014,30.737705
0834,2014,28.496503
0840,2014,31.935176
0860,2014,37.155172
0861,2014,32.740879
0862,2014,34.073107
0880,2014,29.345418
0881,2014,36.01359
0882,2014,29.826087
0883,2014,35.509138
0884,2014,38.408037
0885,2014,39.754601
0980,2014,28.042328
1060,2014,36.060894
1080,2014,32.260049
1081,2014,31.917808
1082,2014,31.741256
1083,2014,35.486381
1214,2014,29.108911
1230,2014,28.112033
1231,2014,25.655977
1233,2014,21.632252
1256,2014,30.618893
1257,2014,41.702128
1260,2014,32.251908
1261,2014,33.815029
1262,2014,31.438415
1263,2014,31.090487
1264,2014,36.230558
1265,2014,39.568345
1266,2014,32.894737
1267,2014,29.662921
1270,2014,33.185841
1272,2014,36.104218
1273,2014,31.454006
1275,2014,36.914063
1276,2014,31.377343
1277,2014,29.515829
1278,2014,39.421158
1280,2014,18.044902
1281,2014,29.873602
1282,2014,31.322581
1283,2014,23.76117
1284,2014,34.504608
1285,2014,27.784479
1286,2014,35.793731
1287,2014,31.237656
1290,2014,32.706596
1291,2014,38.225806
1292,2014,37.680636
1293,2014,32.808989
1315,2014,35.696517
1380,2014,27.094891
1381,2014,35.99493
1382,2014,35.901387
1383,2014,32.38806
1384,2014,28.588914
1401,2014,24.219345
1402,2014,26.381605
1407,2014,32.830626
1415,2014,29.808191
1419,2014,32.682927
1421,2014,33.333333
1427,2014,36.520584
1430,2014,33.449883
1435,2014,34.848485
1438,2014,28.884462
1439,2014,32.02934
1440,2014,22.89916
1441,2014,30.190206
1442,2014,37.981859
1443,2014,23.715415
1444,2014,35.810811
1445,2014,51.208791
1446,2014,34.161491
1447,2014,30.434783
1452,2014,31.045407
1460,2014,31.830239
1461,2014,31.311881
1462,2014,35.756853
1463,2014,31.240981
1465,2014,38.186462
1466,2014,33.427362
1470,2014,28.876128
1471,2014,32.54565
1472,2014,33.184855
1473,2014,37.267905
1480,2014,15.506422
1481,2014,24.934383
1482,2014,30.126659
1484,2014,31.042471
1485,2014,25.273125
1486,2014,22.302158
1487,2014,27.755102
1488,2014,25.943069
1489,2014,29.820864
1490,2014,20.803477
1491,2014,33.390313
1492,2014,33.096717
1493,2014,32.15311
1494,2014,31.899236
1495,2014,23.392975
1496,2014,27.444717
1497,2014,39.830508
1498,2014,31.226415
1499,2014,35.356105
1715,2014,28.318584
1730,2014,27.165932
1737,2014,31.460674
1760,2014,28.87538
1761,2014,21.153846
1762,2014,14.046823
1763,2014,24.731183
1764,2014,29.816514
1765,2014,28.98773
1766,2014,28.167808
1780,2014,18.908651
1781,2014,25.753101
1782,2014,27.595884
1783,2014,32.497589
1784,2014,33.970377
1785,2014,34.326019
1814,2014,34.291188
1860,2014,23.918575
1861,2014,32.526882
1862,2014,31.757755
1863,2014,31.460674
1864,2014,31.790123
1880,2014,25.182833
1881,2014,26.110773
1882,2014,30.164319
1883,2014,27.829996
1884,2014,34.163209
1885,2014,31.344902
1904,2014,20.198675
1907,2014,25.735294
1960,2014,32.888147
1961,2014,17.876106
1962,2014,24.205379
1980,2014,21.903029
1981,2014,26.806527
1982,2014,28.722382
1983,2014,28.797191
1984,2014,26.923077
2021,2014,34.412266
2023,2014,27.834008
2026,2014,34.545455
2029,2014,30.841121
2031,2014,36.189516
2034,2014,30.252101
2039,2014,29.982047
2061,2014,24.899598
2062,2014,30.177153
2080,2014,
2081,2014,20.577164
2082,2014,
2083,2014,21.518987
2084,2014,17.185698
2085,2014,17.55471
2101,2014,29.534884
2104,2014,33.138173
2121,2014,37.142857
2132,2014,25.802139
2161,2014,25.610482
2180,2014,20.2
2181,2014,17.816901
2182,2014,17.13367
2183,2014,17.531306
2184,2014,25.767813
2260,2014,21.454994
2262,2014,17.335352
2280,2014,21.949891
2281,2014,16.198797
2282,2014,22.805933
2283,2014,14.460641
2284,2014,33.043838
2303,2014,27.037773
2305,2014,28.503937
2309,2014,24.070946
2313,2014,22.771475
2321,2014,26.993166
2326,2014,26.331361
2361,2014,28.715596
2380,2014,23.824738
2401,2014,28.363047
2403,2014,31.441048
2404,2014,38.901099
2409,2014,28.867624
2417,2014,38.074398
2418,2014,23.076923
2421,2014,22.222222
2422,2014,25.287356
2425,2014,19.661017
2460,2014,27.681992
2462,2014,28.996283
2463,2014,36.454849
2480,2014,24.297095
2481,2014,27.773901
2482,2014,27.501711
2505,2014,20.169252
2506,2014,17.665615
2510,2014,18.720379
2513,2014,31.842105
2514,2014,15.947981
2518,2014,24.944812
2521,2014,22.036474
2523,2014,10.27027
2560,2014,32.957393
2580,2014,18.989865
2581,2014,25.74344
2582,2014,24.42076
2583,2014,19.244823
2584,2014,10.346756
0000,2015,24.955275
0114,2015,17.954378
0115,2015,26.606684
0117,2015,22.423888
0120,2015,22.435079
0123,2015,21.282723
0125,2015,24.312268
0126,2015,19.266529
0127,2015,12.626263
0128,2015,20.191286
0136,2015,21.060038
0138,2015,22.52588
0139,2015,20.441272
0140,2015,22.146508
0160,2015,19.230769
0162,2015,22.747604
0163,2015,14.666667
0180,2015,15.342986
0181,2015,17.078981
0182,2015,15.801354
0183,2015,14.841723
0184,2015,14.859054
0186,2015,16.159933
0187,2015,23.203285
0188,2015,18.90672
0191,2015,18.060328
0192,2015,18.498818
0305,2015,20.606532
0319,2015,30.0
0330,2015,26.989619
0331,2015,32.122588
0360,2015,31.298201
0380,2015,24.784759
0381,2015,26.180409
0382,2015,29.740872
0428,2015,34.059098
0461,2015,25.854993
0480,2015,19.826681
0481,2015,21.014493
0482,2015,24.878837
0483,2015,26.525485
0484,2015,17.147621
0486,2015,23.213354
0488,2015,30.769231
0509,2015,29.69697
0512,2015,23.616236
0513,2015,38.11421
0560,2015,32.124352
0561,2015,35.406091
0562,2015,30.073906
0563,2015,27.160494
0580,2015,28.603133
0581,2015,24.965118
0582,2015,32.637363
0583,2015,22.34763
0584,2015,37.696335
0586,2015,28.951256
0604,2015,39.271255
0617,2015,39.778325
0642,2015,34.456929
0643,2015,39.093137
0662,2015,32.210189
0665,2015,32.313576
0680,2015,31.095612
0682,2015,31.234074
0683,2015,34.191176
0684,2015,39.11368
0685,2015,36.925647
0686,2015,39.442467
0687,2015,34.846626
0760,2015,40.949936
0761,2015,38.483965
0763,2015,37.254902
0764,2015,40.21805
0765,2015,30.797101
0767,2015,33.982948
0780,2015,31.558092
0781,2015,35.971223
0821,2015,30.7393
0834,2015,28.093645
0840,2015,34.954955
0860,2015,33.878887
0861,2015,32.513661
0862,2015,31.639136
0880,2015,27.96542
0881,2015,36.38936
0882,2015,28.976518
0883,2015,32.579023
0884,2015,38.829787
0885,2015,38.398115
0980,2015,27.596194
1060,2015,35.989011
1080,2015,31.01712
1081,2015,32.190561
1082,2015,31.281865
1083,2015,33.438735
1214,2015,29.90566
1230,2015,28.131021
1231,2015,24.207493
1233,2015,22.783603
1256,2015,27.067669
1257,2015,38.359788
1260,2015,32.019231
1261,2015,33.314187
1262,2015,28.997514
1263,2015,29.792148
1264,2015,34.392523
1265,2015,39.015817
1266,2015,34.195402
1267,2015,28.665208
1270,2015,33.239437
1272,2015,33.138856
1273,2015,34.995112
1275,2015,35.546875
1276,2015,30.485893
1277,2015,28.319406
1278,2015,39.941691
1280,2015,17.482073
1281,2015,29.51074
1282,2015,30.921705
1283,2015,23.92552
1284,2015,33.021077
1285,2015,28.281623
1286,2015,37.530743
1287,2015,29.477838
1290,2015,32.0657
1291,2015,38.150738
1292,2015,37.799214
1293,2015,33.951672
1315,2015,33.837209
1380,2015,28.15717
1381,2015,35.722101
1382,2015,34.716981
1383,2015,31.151401
1384,2015,27.243095
1401,2015,24.597365
1402,2015,26.70409
1407,2015,33.890747
1415,2015,27.638684
1419,2015,33.715377
1421,2015,32.831858
1427,2015,35.416667
1430,2015,36.818182
1435,2015,33.122744
1438,2015,29.206963
1439,2015,28.935185
1440,2015,21.400778
1441,2015,27.355971
1442,2015,36.725664
1443,2015,25.287356
1444,2015,33.995585
1445,2015,49.234136
1446,2015,31.557377
1447,2015,33.849558
1452,2015,28.470825
1460,2015,32.911392
1461,2015,31.79669
1462,2015,34.193548
1463,2015,30.820948
1465,2015,35.705669
1466,2015,31.557923
1470,2015,26.741393
1471,2015,30.634573
1472,2015,31.511254
1473,2015,38.881988
1480,2015,15.487967
1481,2015,25.757949
1482,2015,29.329036
1484,2015,30.0
1485,2015,24.914908
1486,2015,20.386643
1487,2015,25.597148
1488,2015,25.606164
1489,2015,29.11785
1490,2015,20.214607
1491,2015,31.656643
1492,2015,33.013937
1493,2015,33.772342
1494,2015,30.548731
1495,2015,23.866499
1496,2015,26.465073
1497,2015,35.935397
1498,2015,30.330062
1499,2015,34.143763
1715,2015,27.909605
1730,2015,27.408412
1737,2015,34.506438
1760,2015,29.467085
1761,2015,20.065789
1762,2015,15.047022
1763,2015,25.975359
1764,2015,27.162367
1765,2015,33.087149
1766,2015,29.331046
1780,2015,17.793241
1781,2015,25.79758
1782,2015,32.189239
1783,2015,33.019755
1784,2015,33.333333
1785,2015,32.687839
1814,2015,33.57016
1860,2015,23.349057
1861,2015,31.651376
1862,2015,31.982634
1863,2015,29.744526
1864,2015,36.094675
1880,2015,24.02261
1881,2015,24.612737
1882,2015,28.03298
1883,2015,27.258065
1884,2015,32.08852
1885,2015,30.434783
1904,2015,17.8125
1907,2015,23.684211
1960,2015,30.228758
1961,2015,18.228719
1962,2015,25.720621
1980,2015,21.57245
1981,2015,26.495249
1982,2015,27.067669
1983,2015,28.509905
1984,2015,27.17803
2021,2015,36.138614
2023,2015,27.667984
2026,2015,36.387097
2029,2015,30.938292
2031,2015,37.62279
2034,2015,30.246914
2039,2015,27.614379
2061,2015,25.0
2062,2015,29.538462
2080,2015,
2081,2015,17.797228
2082,2015,
2083,2015,21.663921
2084,2015,17.420066
2085,2015,18.568665
2101,2015,29.017857
2104,2015,33.870968
2121,2015,38.791209
2132,2015,24.928775
2161,2015,25.523013
2180,2015,19.50106
2181,2015,16.46614
2182,2015,17.577197
2183,2015,20.088845
2184,2015,26.398076
2260,2015,19.904077
2262,2015,17.362146
2280,2015,21.088795
2281,2015,16.086418
2282,2015,21.32785
2283,2015,13.679245
2284,2015,31.478887
2303,2015,25.910064
2305,2015,20.904836
2309,2015,24.466463
2313,2015,21.065574
2321,2015,25.337838
2326,2015,23.661972
2361,2015,29.810298
2380,2015,22.658677
2401,2015,26.986755
2403,2015,34.87395
2404,2015,35.463918
2409,2015,27.089783
2417,2015,39.047619
2418,2015,24.462366
2421,2015,22.866894
2422,2015,27.626459
2425,2015,17.532468
2460,2015,27.909177
2462,2015,30.538173
2463,2015,36.610169
2480,2015,24.522659
2481,2015,28.118539
2482,2015,26.52488
2505,2015,19.973009
2506,2015,17.363344
2510,2015,18.678815
2513,2015,34.520548
2514,2015,14.673913
2518,2015,24.463519
2521,2015,20.710974
2523,2015,11.13307
2560,2015,31.97026
2580,2015,18.204406
2581,2015,24.435666
2582,2015,22.335496
2583,2015,17.883212
2584,2015,10.005559
0000,2016,24.069887
0114,2016,14.471879
0115,2016,25.061425
0117,2016,22.182254
0120,2016,21.859296
0123,2016,21.098788
0125,2016,22.685512
0126,2016,18.24684
0127,2016,11.920173
0128,2016,19.34847
0136,2016,20.944845
0138,2016,21.157766
0139,2016,18.060606
0140,2016,20.537125
0160,2016,18.803806
0162,2016,21.876982
0163,2016,16.323232
0180,2016,14.691184
0181,2016,16.388021
0182,2016,16.348039
0183,2016,14.892624
0184,2016,14.877936
0186,2016,15.82015
0187,2016,23.762376
0188,2016,19.403715
0191,2016,19.247467
0192,2016,19.308832
0305,2016,20.661157
0319,2016,28.980892
0330,2016,25.993555
0331,2016,32.729211
0360,2016,31.481481
0380,2016,24.28757
0381,2016,25.601822
0382,2016,30.148741
0428,2016,27.053824
0461,2016,26.745718
0480,2016,20.487179
0481,2016,20.720721
0482,2016,23.118697
0483,2016,25.560081
0484,2016,15.788174
0486,2016,21.507975
0488,2016,29.681529
0509,2016,30.133333
0512,2016,27.272727
0513,2016,34.194342
0560,2016,30.841121
0561,2016,33.629442
0562,2016,28.135224
0563,2016,28.135048
0580,2016,27.116997
0581,2016,24.105974
0582,2016,27.326151
0583,2016,22.068027
0584,2016,40.365449
0586,2016,28.8807
0604,2016,36.263736
0617,2016,35.154394
0642,2016,32.920354
0643,2016,39.816934
0662,2016,29.306313
0665,2016,29.926335
0680,2016,29.541454
0682,2016,31.423671
0683,2016,33.286957
0684,2016,39.528558
0685,2016,35.505267
0686,2016,38.598507
0687,2016,34.265318
0760,2016,38.318912
0761,2016,34.693878
0763,2016,37.918552
0764,2016,39.035861
0765,2016,30.409777
0767,2016,30.609896
0780,2016,29.996972
0781,2016,33.229934
0821,2016,31.569665
0834,2016,27.614379
0840,2016,32.294372
0860,2016,33.91635
0861,2016,30.993151
0862,2016,31.038647
0880,2016,26.705653
0881,2016,34.100418
0882,2016,26.422764
0883,2016,31.068966
0884,2016,37.117904
0885,2016,38.577586
0980,2016,28.335832
1060,2016,34.322034
1080,2016,28.744705
1081,2016,31.357318
1082,2016,29.072595
1083,2016,37.178488
1214,2016,28.647215
1230,2016,26.833977
1231,2016,23.648029
1233,2016,20.446429
1256,2016,24.347826
1257,2016,37.686567
1260,2016,30.599647
1261,2016,32.565974
1262,2016,27.635542
1263,2016,30.362538
1264,2016,35.304659
1265,2016,36.967213
1266,2016,29.866667
1267,2016,27.326151
1270,2016,32.390746
1272,2016,33.146067
1273,2016,34.594096
1275,2016,33.333333
1276,2016,30.254545
1277,2016,25.379427
1278,2016,40.27907
1280,2016,17.388662
1281,2016,27.924615
1282,2016,29.934722
1283,2016,23.695652
1284,2016,34.021739
1285,2016,26.714393
1286,2016,35.204082
1287,2016,30.864198
1290,2016,30.700101
1291,2016,36.490455
1292,2016,36.821975
1293,2016,33.881579
1315,2016,29.927007
1380,2016,27.333975
1381,2016,35.830278
1382,2016,32.87234
1383,2016,30.48201
1384,2016,26.303818
1401,2016,23.306137
1402,2016,27.650485
1407,2016,35.123967
1415,2016,26.921307
1419,2016,30.628272
1421,2016,29.436501
1427,2016,31.70441
1430,2016,31.846473
1435,2016,34.210526
1438,2016,27.504244
1439,2016,28.367347
1440,2016,20.375458
1441,2016,29.056047
1442,2016,38.405797
1443,2016,24.273504
1444,2016,33.263598
1445,2016,46.653144
1446,2016,30.825688
1447,2016,33.470226
1452,2016,27.595884
1460,2016,33.807829
1461,2016,32.657658
1462,2016,33.08746
1463,2016,29.983137
1465,2016,35.776805
1466,2016,31.754161
1470,2016,28.408225
1471,2016,31.685166
1472,2016,26.776519
1473,2016,36.829268
1480,2016,15.401495
1481,2016,23.402778
1482,2016,28.550598
1484,2016,31.537356
1485,2016,24.845777
1486,2016,19.446845
1487,2016,25.056288
1488,2016,21.216747
1489,2016,29.330254
1490,2016,19.854881
1491,2016,29.761905
1492,2016,31.792376
1493,2016,33.94749
1494,2016,25.578339
1495,2016,21.350365
1496,2016,23.57078
1497,2016,37.704918
1498,2016,30.147059
1499,2016,31.445905
1715,2016,25.185972
1730,2016,31.143233
1737,2016,32.603597
1760,2016,29.494382
1761,2016,19.22179
1762,2016,15.835777
1763,2016,24.702381
1764,2016,26.074499
1765,2016,32.380952
1766,2016,28.627145
1780,2016,17.624274
1781,2016,25.153061
1782,2016,31.861472
1783,2016,29.252336
1784,2016,31.423535
1785,2016,30.15295
1814,2016,30.427046
1860,2016,22.342733
1861,2016,31.077471
1862,2016,30.726257
1863,2016,27.272727
1864,2016,33.237822
1880,2016,23.248731
1881,2016,23.028391
1882,2016,30.290011
1883,2016,24.864236
1884,2016,32.360743
1885,2016,30.152284
1904,2016,19.273743
1907,2016,24.250681
1960,2016,29.320988
1961,2016,14.992151
1962,2016,29.484536
1980,2016,19.342686
1981,2016,24.774536
1982,2016,26.9869
1983,2016,25.881377
1984,2016,25.806452
2021,2016,33.92283
2023,2016,27.9
2026,2016,35.869565
2029,2016,29.482072
2031,2016,35.80705
2034,2016,28.849903
2039,2016,27.65625
2061,2016,21.794872
2062,2016,29.964953
2080,2016,
2081,2016,17.149977
2082,2016,
2083,2016,20.404858
2084,2016,15.799804
2085,2016,17.96875
2101,2016,30.688935
2104,2016,34.233261
2121,2016,36.903603
2132,2016,23.809524
2161,2016,24.598624
2180,2016,19.259023
2181,2016,15.157116
2182,2016,17.022222
2183,2016,18.095689
2184,2016,25.044092
2260,2016,20.870536
2262,2016,15.390071
2280,2016,20.953327
2281,2016,16.014432
2282,2016,17.935702
2283,2016,13.130194
2284,2016,30.67105
2303,2016,25.660377
2305,2016,
2309,2016,22.057787
2313,2016,21.998451
2321,2016,25.0
2326,2016,21.363041
2361,2016,25.922592
2380,2016,23.063938
2401,2016,26.382306
2403,2016,34.567901
2404,2016,37.072243
2409,2016,26.695527
2417,2016,38.222222
2418,2016,21.674877
2421,2016,23.472669
2422,2016,26.022305
2425,2016,19.266055
2460,2016,26.867031
2462,2016,27.686916
2463,2016,36.619718
2480,2016,22.219766
2481,2016,26.040978
2482,2016,27.20894
2505,2016,20.680958
2506,2016,18.285714
2510,2016,19.59596
2513,2016,31.070496
2514,2016,12.962963
2518,2016,26.439232
2521,2016,19.970414
2523,2016,9.526896
2560,2016,29.62963
2580,2016,17.691565
2581,2016,23.601974
2582,2016,20.539326
2583,2016,16.941176
2584,2016,9.478673
0000,2017,23.509984
0114,2017,17.596848
0115,2017,23.866348
0117,2017,22.004608
0120,2017,19.189413
0123,2017,20.87045
0125,2017,22.252937
0126,2017,18.301197
0127,2017,12.252125
0128,2017,20.42042
0136,2017,19.972325
0138,2017,19.565217
0139,2017,19.810763
0140,2017,18.918919
0160,2017,20.905172
0162,2017,20.846494
0163,2017,17.366947
0180,2017,14.561562
0181,2017,16.235819
0182,2017,16.095051
0183,2017,15.958936
0184,2017,15.09434
0186,2017,16.488925
0187,2017,25.27881
0188,2017,19.425837
0191,2017,18.435754
0192,2017,18.416712
0305,2017,18.916968
0319,2017,29.96988
0330,2017,25.154004
0331,2017,31.425703
0360,2017,30.929095
0380,2017,21.760812
0381,2017,24.528905
0382,2017,29.711752
0428,2017,26.25538
0461,2017,25.062657
0480,2017,20.571844
0481,2017,22.533632
0482,2017,23.834586
0483,2017,21.894878
0484,2017,14.752672
0486,2017,22.855774
0488,2017,26.658625
0509,2017,32.011331
0512,2017,32.534247
0513,2017,35.365854
0560,2017,33.10962
0561,2017,32.705882
0562,2017,26.55914
0563,2017,29.652997
0580,2017,26.822323
0581,2017,22.901863
0582,2017,24.409449
0583,2017,22.19193
0584,2017,41.166667
0586,2017,27.619048
0604,2017,33.63472
0617,2017,34.766585
0642,2017,37.609842
0643,2017,37.86295
0662,2017,26.639496
0665,2017,30.621172
0680,2017,28.826485
0682,2017,29.255505
0683,2017,34.291652
0684,2017,37.641921
0685,2017,35.658307
0686,2017,36.174986
0687,2017,31.895573
0760,2017,39.070352
0761,2017,36.917098
0763,2017,38.489536
0764,2017,35.953757
0765,2017,27.50533
0767,2017,31.868132
0780,2017,30.470793
0781,2017,34.04094
0821,2017,32.688928
0834,2017,30.474732
0840,2017,31.80212
0860,2017,28.161765
0861,2017,28.978224
0862,2017,30.674847
0880,2017,25.290642
0881,2017,32.51659
0882,2017,27.350081
0883,2017,29.229195
0884,2017,33.756166
0885,2017,38.10549
0980,2017,26.979231
1060,2017,31.484502
1080,2017,28.122663
1081,2017,29.875851
1082,2017,29.010835
1083,2017,33.534743
1214,2017,30.220713
1230,2017,24.540441
1231,2017,21.848014
1233,2017,20.72227
1256,2017,21.735075
1257,2017,36.791315
1260,2017,28.508772
1261,2017,31.194196
1262,2017,29.621212
1263,2017,28.268809
1264,2017,33.87931
1265,2017,35.346216
1266,2017,30.909091
1267,2017,25.526075
1270,2017,33.163914
1272,2017,35.675676
1273,2017,32.340053
1275,2017,32.343234
1276,2017,29.745042
1277,2017,18.03005
1278,2017,38.893845
1280,2017,16.966221
1281,2017,27.78021
1282,2017,28.190184
1283,2017,22.371711
1284,2017,24.522028
1285,2017,25.6574
1286,2017,33.994217
1287,2017,30.536494
1290,2017,25.050072
1291,2017,36.480687
1292,2017,36.727024
1293,2017,34.133043
1315,2017,29.81607
1380,2017,26.581619
1381,2017,36.0
1382,2017,31.539253
1383,2017,30.51728
1384,2017,26.642927
1401,2017,21.95371
1402,2017,25.616333
1407,2017,32.497492
1415,2017,27.063599
1419,2017,32.678571
1421,2017,30.119454
1427,2017,36.601307
1430,2017,29.928498
1435,2017,33.780386
1438,2017,27.427598
1439,2017,23.092784
1440,2017,21.123596
1441,2017,27.53051
1442,2017,35.250266
1443,2017,20.031797
1444,2017,37.959184
1445,2017,46.169355
1446,2017,34.608031
1447,2017,31.097561
1452,2017,27.385496
1460,2017,30.299539
1461,2017,34.675615
1462,2017,32.536383
1463,2017,30.145319
1465,2017,34.545455
1466,2017,31.322208
1470,2017,27.578304
1471,2017,29.958246
1472,2017,29.387331
1473,2017,31.455399
1480,2017,15.166773
1481,2017,23.306908
1482,2017,26.095561
1484,2017,30.503597
1485,2017,24.766734
1486,2017,18.975651
1487,2017,25.318066
1488,2017,20.545916
1489,2017,28.846154
1490,2017,18.429997
1491,2017,26.633166
1492,2017,29.703763
1493,2017,35.704514
1494,2017,25.686673
1495,2017,20.860342
1496,2017,25.548727
1497,2017,35.019455
1498,2017,29.190515
1499,2017,29.088472
1715,2017,24.7557
1730,2017,32.7654
1737,2017,34.051367
1760,2017,29.79351
1761,2017,18.112633
1762,2017,17.575758
1763,2017,22.125604
1764,2017,25.141243
1765,2017,29.216467
1766,2017,26.598264
1780,2017,17.300653
1781,2017,24.712356
1782,2017,31.362468
1783,2017,29.342934
1784,2017,31.551038
1785,2017,28.192253
1814,2017,30.988275
1860,2017,19.522777
1861,2017,29.270386
1862,2017,31.860776
1863,2017,29.953917
1864,2017,32.240437
1880,2017,23.067873
1881,2017,20.589757
1882,2017,27.652733
1883,2017,23.607933
1884,2017,34.304636
1885,2017,30.1059
1904,2017,18.994413
1907,2017,24.310118
1960,2017,29.800307
1961,2017,15.425132
1962,2017,28.125
1980,2017,18.087425
1981,2017,24.156746
1982,2017,27.240143
1983,2017,25.104778
1984,2017,26.439791
2021,2017,34.634146
2023,2017,28.148148
2026,2017,37.176471
2029,2017,30.420712
2031,2017,35.430157
2034,2017,28.015564
2039,2017,31.897927
2061,2017,20.208605
2062,2017,28.784404
2080,2017,
2081,2017,17.971647
2082,2017,
2083,2017,16.937355
2084,2017,15.04596
2085,2017,17.69991
2101,2017,30.853392
2104,2017,32.601881
2121,2017,37.424547
2132,2017,21.037868
2161,2017,24.293785
2180,2017,18.346008
2181,2017,16.071429
2182,2017,17.156439
2183,2017,17.728137
2184,2017,25.397727
2260,2017,19.195402
2262,2017,16.098226
2280,2017,20.776031
2281,2017,15.968228
2282,2017,17.815775
2283,2017,13.329736
2284,2017,30.865366
2303,2017,26.019417
2305,2017,28.101644
2309,2017,20.617816
2313,2017,23.088803
2321,2017,26.946721
2326,2017,22.875
2361,2017,25.188679
2380,2017,23.244552
2401,2017,28.858025
2403,2017,32.270916
2404,2017,36.078431
2409,2017,25.0
2417,2017,39.082969
2418,2017,19.796954
2421,2017,20.439189
2422,2017,20.3125
2425,2017,21.316614
2460,2017,25.688976
2462,2017,26.576577
2463,2017,32.885906
2480,2017,20.521869
2481,2017,25.610561
2482,2017,27.209819
2505,2017,22.0
2506,2017,19.104478
2510,2017,19.917864
2513,2017,29.619565
2514,2017,11.827957
2518,2017,26.059322
2521,2017,22.345483
2523,2017,7.692308
2560,2017,31.890661
2580,2017,17.35431
2581,2017,22.983658
2582,2017,20.777351
2583,2017,15.613826
2584,2017,10.280869
0000,2018,22.773539
0114,2018,18.609023
0115,2018,24.034869
0117,2018,19.771429
0120,2018,19.317715
0123,2018,20.992271
0125,2018,21.885522
0126,2018,18.316249
0127,2018,12.211162
0128,2018,19.979716
0136,2018,17.770744
0138,2018,19.031858
0139,2018,19.039643
0140,2018,17.45283
0160,2018,19.792567
0162,2018,19.498069
0163,2018,16.414944
0180,2018,14.23383
0181,2018,15.257584
0182,2018,16.124297
0183,2018,14.947272
0184,2018,14.705882
0186,2018,17.094017
0187,2018,26.436782
0188,2018,18.549906
0191,2018,17.269625
0192,2018,17.526345
0305,2018,18.463707
0319,2018,30.37037
0330,2018,25.562372
0331,2018,29.867482
0360,2018,29.473039
0380,2018,21.082364
0381,2018,23.064464
0382,2018,28.811659
0428,2018,24.489796
0461,2018,25.318066
0480,2018,19.786096
0481,2018,22.112211
0482,2018,22.841864
0483,2018,19.113395
0484,2018,13.832424
0486,2018,23.270142
0488,2018,27.953216
0509,2018,33.072917
0512,2018,32.291667
0513,2018,33.742331
0560,2018,33.647059
0561,2018,34.453782
0562,2018,24.919957
0563,2018,28.503185
0580,2018,25.860155
0581,2018,22.030914
0582,2018,24.477612
0583,2018,23.336072
0584,2018,39.349593
0586,2018,29.05103
0604,2018,35.346359
0617,2018,32.56351
0642,2018,36.898396
0643,2018,36.374134
0662,2018,26.0
0665,2018,30.892857
0680,2018,27.212213
0682,2018,28.784205
0683,2018,32.886137
0684,2018,39.857651
0685,2018,36.013986
0686,2018,35.556845
0687,2018,29.754426
0760,2018,36.997636
0761,2018,35.558408
0763,2018,36.411609
0764,2018,34.277286
0765,2018,25.42707
0767,2018,31.229597
0780,2018,28.640916
0781,2018,32.160424
0821,2018,31.764706
0834,2018,27.316294
0840,2018,34.707904
0860,2018,28.540462
0861,2018,29.082047
0862,2018,32.394366
0880,2018,23.559289
0881,2018,32.842415
0882,2018,26.576955
0883,2018,25.876461
0884,2018,30.397112
0885,2018,39.308855
0980,2018,26.269036
1060,2018,31.923715
1080,2018,25.897777
1081,2018,29.129246
1082,2018,28.915254
1083,2018,34.298441
1214,2018,29.05464
1230,2018,23.889876
1231,2018,20.547945
1233,2018,20.100925
1256,2018,21.94674
1257,2018,36.822194
1260,2018,27.413793
1261,2018,28.531702
1262,2018,28.213166
1263,2018,27.279202
1264,2018,32.402707
1265,2018,33.197056
1266,2018,31.02253
1267,2018,26.342452
1270,2018,32.889481
1272,2018,33.723404
1273,2018,32.643462
1275,2018,29.301533
1276,2018,27.507163
1277,2018,23.659574
1278,2018,35.83118
1280,2018,16.331775
1281,2018,24.393647
1282,2018,28.374233
1283,2018,21.674994
1284,2018,23.005877
1285,2018,24.673386
1286,2018,31.566456
1287,2018,29.323777
1290,2018,23.556876
1291,2018,35.940803
1292,2018,36.648501
1293,2018,34.048428
1315,2018,31.183831
1380,2018,25.308241
1381,2018,35.149024
1382,2018,29.26337
1383,2018,30.173952
1384,2018,25.073989
1401,2018,21.154488
1402,2018,24.980143
1407,2018,32.320162
1415,2018,26.911042
1419,2018,32.40324
1421,2018,24.129142
1427,2018,32.901554
1430,2018,27.873856
1435,2018,33.677864
1438,2018,29.144852
1439,2018,26.939655
1440,2018,17.239819
1441,2018,24.581999
1442,2018,36.769394
1443,2018,21.212121
1444,2018,36.307054
1445,2018,45.362903
1446,2018,33.136095
1447,2018,33.540373
1452,2018,27.490421
1460,2018,28.426966
1461,2018,33.125649
1462,2018,34.939759
1463,2018,29.423592
1465,2018,33.804476
1466,2018,30.798005
1470,2018,27.786145
1471,2018,30.686695
1472,2018,27.933541
1473,2018,33.524027
1480,2018,14.778687
1481,2018,22.096774
1482,2018,24.771184
1484,2018,28.976848
1485,2018,23.958545
1486,2018,17.808219
1487,2018,22.222222
1488,2018,19.749682
1489,2018,28.430405
1490,2018,18.10308
1491,2018,24.9499
1492,2018,25.955414
1493,2018,34.867821
1494,2018,24.195197
1495,2018,21.990465
1496,2018,24.538429
1497,2018,35.952064
1498,2018,26.993355
1499,2018,27.302632
1715,2018,23.890063
1730,2018,29.639519
1737,2018,32.992327
1760,2018,30.994152
1761,2018,18.570376
1762,2018,14.285714
1763,2018,22.536585
1764,2018,25.857143
1765,2018,30.894309
1766,2018,27.28
1780,2018,16.625272
1781,2018,23.065622
1782,2018,30.521739
1783,2018,28.717472
1784,2018,32.266667
1785,2018,24.406048
1814,2018,31.803279
1860,2018,18.976546
1861,2018,26.599327
1862,2018,32.795699
1863,2018,26.371951
1864,2018,31.671554
1880,2018,22.865528
1881,2018,20.0
1882,2018,27.128263
1883,2018,21.040551
1884,2018,35.064935
1885,2018,29.222108
1904,2018,20.84507
1907,2018,21.603261
1960,2018,30.491329
1961,2018,16.153268
1962,2018,23.706897
1980,2018,17.92002
1981,2018,22.418013
1982,2018,24.933215
1983,2018,24.525969
1984,2018,27.417924
2021,2018,37.351443
2023,2018,30.042463
2026,2018,37.485582
2029,2018,31.188925
2031,2018,35.315985
2034,2018,27.745665
2039,2018,32.10084
2061,2018,19.53867
2062,2018,29.359331
2080,2018,
2081,2018,17.647059
2082,2018,
2083,2018,17.355372
2084,2018,15.833746
2085,2018,18.013857
2101,2018,33.411215
2104,2018,31.483458
2121,2018,36.891192
2132,2018,20.058565
2161,2018,20.422535
2180,2018,17.48056
2181,2018,16.331505
2182,2018,15.508514
2183,2018,17.370441
2184,2018,24.044815
2260,2018,23.726852
2262,2018,14.779661
2280,2018,19.2108
2281,2018,15.732023
2282,2018,17.071792
2283,2018,14.363736
2284,2018,28.292869
2303,2018,22.469636
2305,2018,28.317152
2309,2018,21.413122
2313,2018,21.266615
2321,2018,24.4
2326,2018,21.410256
2361,2018,26.622137
2380,2018,22.920518
2401,2018,28.353659
2403,2018,36.121673
2404,2018,36.721992
2409,2018,24.705882
2417,2018,39.177489
2418,2018,18.367347
2421,2018,21.319797
2422,2018,25.56391
2425,2018,22.857143
2460,2018,29.117647
2462,2018,24.911032
2463,2018,33.774834
2480,2018,20.039975
2481,2018,24.365821
2482,2018,27.070148
2505,2018,18.533887
2506,2018,18.770227
2510,2018,21.286031
2513,2018,32.45614
2514,2018,13.633311
2518,2018,25.909091
2521,2018,22.988506
2523,2018,8.115016
2560,2018,30.760095
2580,2018,16.781205
2581,2018,22.49467
2582,2018,20.743302
2583,2018,15.550239
2584,2018,9.728868
0000,2019,22.093762
0114,2019,18.572331
0115,2019,22.070676
0117,2019,19.264967
0120,2019,19.117035
0123,2019,20.403587
0125,2019,20.901639
0126,2019,19.443055
0127,2019,10.863461
0128,2019,19.393939
0136,2019,17.465601
0138,2019,18.908788
0139,2019,17.978783
0140,2019,15.160796
0160,2019,19.778346
0162,2019,18.641719
0163,2019,14.911937
0180,2019,14.020301
0181,2019,14.13913
0182,2019,14.983955
0183,2019,14.601172
0184,2019,14.410681
0186,2019,16.694352
0187,2019,25.801282
0188,2019,17.104657
0191,2019,17.290229
0192,2019,17.069062
0305,2019,18.364518
0319,2019,26.729986
0330,2019,21.778222
0331,2019,29.958246
0360,2019,26.770708
0380,2019,21.5485
0381,2019,23.544224
0382,2019,30.975471
0428,2019,24.453552
0461,2019,25.309491
0480,2019,21.280193
0481,2019,20.955483
0482,2019,20.85004
0483,2019,19.576019
0484,2019,13.217968
0486,2019,22.60241
0488,2019,25.51963
0509,2019,30.833333
0512,2019,31.25
0513,2019,35.050251
0560,2019,32.211538
0561,2019,31.689273
0562,2019,23.608247
0563,2019,26.280992
0580,2019,23.986486
0581,2019,21.810251
0582,2019,22.335025
0583,2019,22.704646
0584,2019,35.4531
0586,2019,28.488631
0604,2019,36.239316
0617,2019,32.193396
0642,2019,37.671233
0643,2019,34.195726
0662,2019,25.217721
0665,2019,30.143113
0680,2019,25.772835
0682,2019,28.078818
0683,2019,30.079338
0684,2019,36.91887
0685,2019,36.320381
0686,2019,35.764294
0687,2019,29.934407
0760,2019,36.842105
0761,2019,36.883117
0763,2019,37.511111
0764,2019,31.378299
0765,2019,25.996205
0767,2019,31.209503
0780,2019,27.585223
0781,2019,31.819916
0821,2019,25.773196
0834,2019,29.411765
0840,2019,30.5
0860,2019,27.921624
0861,2019,30.486832
0862,2019,31.005917
0880,2019,22.703438
0881,2019,30.390738
0882,2019,26.3287
0883,2019,24.113945
0884,2019,23.802716
0885,2019,38.12709
0980,2019,24.778947
1060,2019,31.565441
1080,2019,24.224073
1081,2019,28.99729
1082,2019,27.839484
1083,2019,33.308495
1214,2019,26.892253
1230,2019,22.023277
1231,2019,18.425461
1233,2019,19.121447
1256,2019,20.874219
1257,2019,34.54075
1260,2019,27.690972
1261,2019,26.677578
1262,2019,30.780347
1263,2019,26.257753
1264,2019,29.522184
1265,2019,33.333333
1266,2019,30.545775
1267,2019,24.624625
1270,2019,31.02981
1272,2019,35.0
1273,2019,30.230415
1275,2019,26.194399
1276,2019,25.632022
1277,2019,21.319797
1278,2019,33.215548
1280,2019,15.343087
1281,2019,23.541487
1282,2019,28.632338
1283,2019,21.454241
1284,2019,21.327801
1285,2019,24.705882
1286,2019,31.076321
1287,2019,26.631117
1290,2019,22.403373
1291,2019,38.575458
1292,2019,33.176471
1293,2019,34.490192
1315,2019,31.113424
1380,2019,24.857291
1381,2019,35.766423
1382,2019,29.757085
1383,2019,29.850418
1384,2019,23.791761
1401,2019,22.739726
1402,2019,23.598589
1407,2019,28.197065
1415,2019,24.230254
1419,2019,33.812261
1421,2019,24.131944
1427,2019,33.197279
1430,2019,27.148847
1435,2019,35.273675
1438,2019,30.496454
1439,2019,21.443737
1440,2019,16.948418
1441,2019,24.72028
1442,2019,32.016632
1443,2019,21.384615
1444,2019,35.760171
1445,2019,43.89234
1446,2019,32.264151
1447,2019,34.130435
1452,2019,29.048086
1460,2019,30.689655
1461,2019,33.586957
1462,2019,32.092555
1463,2019,28.08174
1465,2019,29.794934
1466,2019,30.985915
1470,2019,24.247104
1471,2019,27.224009
1472,2019,29.901424
1473,2019,34.40367
1480,2019,14.833713
1481,2019,21.382488
1482,2019,23.913043
1484,2019,28.373169
1485,2019,22.717842
1486,2019,18.244406
1487,2019,23.3416
1488,2019,19.516484
1489,2019,26.783398
1490,2019,17.943785
1491,2019,24.051896
1492,2019,26.683087
1493,2019,28.643678
1494,2019,23.685567
1495,2019,21.557632
1496,2019,24.928993
1497,2019,36.135508
1498,2019,25.702479
1499,2019,27.09571
1715,2019,23.995772
1730,2019,28.471248
1737,2019,29.329852
1760,2019,32.163743
1761,2019,17.620818
1762,2019,18.343195
1763,2019,23.2
1764,2019,25.03639
1765,2019,30.832196
1766,2019,28.849271
1780,2019,16.566219
1781,2019,22.886802
1782,2019,29.703833
1783,2019,28.675799
1784,2019,28.882955
1785,2019,22.627737
1814,2019,31.034483
1860,2019,20.302376
1861,2019,24.572823
1862,2019,30.503979
1863,2019,27.299703
1864,2019,33.232628
1880,2019,23.331554
1881,2019,16.684492
1882,2019,25.541619
1883,2019,18.10842
1884,2019,35.19695
1885,2019,29.913221
1904,2019,15.977961
1907,2019,21.643836
1960,2019,31.918009
1961,2019,15.25804
1962,2019,24.347826
1980,2019,16.856154
1981,2019,23.835481
1982,2019,22.410714
1983,2019,23.424879
1984,2019,26.704015
2021,2019,39.0625
2023,2019,28.983957
2026,2019,35.397196
2029,2019,30.725346
2031,2019,36.150235
2034,2019,26.719057
2039,2019,32.136752
2061,2019,18.75
2062,2019,29.052876
2080,2019,
2081,2019,16.845264
2082,2019,
2083,2019,15.822785
2084,2019,15.821195
2085,2019,18.95965
2101,2019,28.537736
2104,2019,29.933481
2121,2019,34.526316
2132,2019,18.571429
2161,2019,19.376125
2180,2019,16.945967
2181,2019,15.878788
2182,2019,16.104147
2183,2019,17.655434
2184,2019,24.089717
2260,2019,21.62819
2262,2019,15.209666
2280,2019,19.351464
2281,2019,15.438978
2282,2019,16.457143
2283,2019,14.469274
2284,2019,27.164121
2303,2019,22.312373
2305,2019,28.188976
2309,2019,21.127766
2313,2019,21.71799
2321,2019,22.45098
2326,2019,22.060766
2361,2019,25.899281
2380,2019,22.193159
2401,2019,30.72
2403,2019,33.603239
2404,2019,33.266932
2409,2019,23.919753
2417,2019,40.393013
2418,2019,20.738636
2421,2019,21.176471
2422,2019,25.390625
2425,2019,17.777778
2460,2019,28.16092
2462,2019,26.941176
2463,2019,32.621951
2480,2019,20.062241
2481,2019,22.244224
2482,2019,24.850339
2505,2019,17.79661
2506,2019,17.985612
2510,2019,19.413093
2513,2019,33.529412
2514,2019,14.501718
2518,2019,24.113475
2521,2019,23.164763
2523,2019,8.397933
2560,2019,31.559855
2580,2019,16.027014
2581,2019,22.855621
2582,2019,18.507202
2583,2019,13.736903
2584,2019,8.990011
0000,2020,21.425633
0114,2020,18.221124
0115,2020,20.377604
0117,2020,17.06302
0120,2020,18.329764
0123,2020,19.170984
0125,2020,21.331424
0126,2020,18.887015
0127,2020,10.734767
0128,2020,22.440538
0136,2020,17.342595
0138,2020,17.387721
0139,2020,15.676287
0140,2020,16.164818
0160,2020,19.801124
0162,2020,19.23355
0163,2020,15.226011
0180,2020,13.900124
0181,2020,13.258308
0182,2020,15.448749
0183,2020,15.994437
0184,2020,14.086538
0186,2020,15.722199
0187,2020,26.247987
0188,2020,16.97861
0191,2020,17.536765
0192,2020,14.618885
0305,2020,18.063187
0319,2020,23.909986
0330,2020,19.821606
0331,2020,28.838174
0360,2020,25.103123
0380,2020,22.404844
0381,2020,22.511628
0382,2020,32.400672
0428,2020,22.93956
0461,2020,25.0
0480,2020,20.079199
0481,2020,21.543779
0482,2020,19.10299
0483,2020,18.92437
0484,2020,12.542128
0486,2020,24.257885
0488,2020,21.461717
0509,2020,33.923304
0512,2020,31.448763
0513,2020,36.658031
0560,2020,32.592593
0561,2020,32.960199
0562,2020,23.848939
0563,2020,24.131944
0580,2020,23.621284
0581,2020,19.521512
0582,2020,21.927237
0583,2020,21.631303
0584,2020,36.0601
0586,2020,28.408051
0604,2020,35.676626
0617,2020,31.404959
0642,2020,37.072243
0643,2020,34.402655
0662,2020,26.211279
0665,2020,29.147982
0680,2020,24.225302
0682,2020,27.833215
0683,2020,28.576401
0684,2020,35.833333
0685,2020,34.08255
0686,2020,33.984606
0687,2020,29.861111
0760,2020,38.510911
0761,2020,38.621586
0763,2020,34.611872
0764,2020,32.639715
0765,2020,24.503722
0767,2020,29.90456
0780,2020,28.560951
0781,2020,32.747167
0821,2020,22.429907
0834,2020,25.688073
0840,2020,24.938272
0860,2020,27.176966
0861,2020,28.593629
0862,2020,30.652681
0880,2020,21.800496
0881,2020,30.01457
0882,2020,25.187344
0883,2020,23.833501
0884,2020,21.923621
0885,2020,32.372506
0980,2020,23.213912
1060,2020,25.853242
1080,2020,21.255403
1081,2020,27.752294
1082,2020,28.221979
1083,2020,34.150077
1214,2020,26.242371
1230,2020,20.871143
1231,2020,18.327703
1233,2020,19.073084
1256,2020,21.25775
1257,2020,35.332464
1260,2020,27.022375
1261,2020,28.49162
1262,2020,29.587482
1263,2020,24.705882
1264,2020,30.823117
1265,2020,33.971292
1266,2020,29.261623
1267,2020,27.272727
1270,2020,23.868313
1272,2020,32.46888
1273,2020,31.559633
1275,2020,29.93311
1276,2020,22.746479
1277,2020,21.23348
1278,2020,33.544878
1280,2020,14.612205
1281,2020,23.366294
1282,2020,28.797364
1283,2020,21.88876
1284,2020,22.815946
1285,2020,22.619048
1286,2020,22.575579
1287,2020,24.983607
1290,2020,21.805495
1291,2020,36.743516
1292,2020,30.394511
1293,2020,34.309623
1315,2020,31.562168
1380,2020,22.905759
1381,2020,35.028249
1382,2020,30.421217
1383,2020,29.859634
1384,2020,22.693428
1401,2020,21.216262
1402,2020,24.237624
1407,2020,27.4244
1415,2020,22.719061
1419,2020,33.681214
1421,2020,22.966935
1427,2020,24.156545
1430,2020,26.172301
1435,2020,33.134583
1438,2020,28.442029
1439,2020,19.230769
1440,2020,16.253322
1441,2020,25.111187
1442,2020,26.375909
1443,2020,18.859649
1444,2020,31.884058
1445,2020,38.012959
1446,2020,27.946768
1447,2020,34.698795
1452,2020,27.487685
1460,2020,27.476415
1461,2020,29.849138
1462,2020,31.062951
1463,2020,27.816901
1465,2020,25.529412
1466,2020,28.404669
1470,2020,22.297297
1471,2020,26.382979
1472,2020,27.872582
1473,2020,33.981693
1480,2020,14.33131
1481,2020,21.319569
1482,2020,23.005677
1484,2020,27.42681
1485,2020,22.002879
1486,2020,17.333333
1487,2020,22.261371
1488,2020,18.513544
1489,2020,25.978988
1490,2020,17.584388
1491,2020,22.525108
1492,2020,25.162866
1493,2020,25.449516
1494,2020,23.575536
1495,2020,21.675192
1496,2020,23.219405
1497,2020,35.483871
1498,2020,25.745951
1499,2020,26.576271
1715,2020,22.698745
1730,2020,28.284182
1737,2020,27.807487
1760,2020,33.887043
1761,2020,18.262806
1762,2020,17.44186
1763,2020,25.0499
1764,2020,26.15156
1765,2020,32.132964
1766,2020,29.60199
1780,2020,15.978345
1781,2020,23.100937
1782,2020,30.606618
1783,2020,29.749768
1784,2020,28.692927
1785,2020,18.602826
1814,2020,29.204893
1860,2020,18.544601
1861,2020,22.6094
1862,2020,18.860244
1863,2020,24.164134
1864,2020,33.333333
1880,2020,22.965561
1881,2020,15.814696
1882,2020,22.360953
1883,2020,17.470112
1884,2020,32.619647
1885,2020,28.799588
1904,2020,17.897727
1907,2020,23.087622
1960,2020,31.988473
1961,2020,14.814815
1962,2020,24.780702
1980,2020,15.139007
1981,2020,21.736922
1982,2020,19.749777
1983,2020,22.902685
1984,2020,28.263104
2021,2020,35.82343
2023,2020,26.862745
2026,2020,35.185185
2029,2020,30.944625
2031,2020,37.416268
2034,2020,29.6875
2039,2020,31.551724
2061,2020,20.726783
2062,2020,29.660023
2080,2020,18.642922
2081,2020,15.584989
2082,2020,18.411968
2083,2020,14.61039
2084,2020,14.984864
2085,2020,17.78637
2101,2020,28.181818
2104,2020,25.277162
2121,2020,31.919406
2132,2020,18.4375
2161,2020,19.521411
2180,2020,16.24037
2181,2020,16.650929
2182,2020,15.410792
2183,2020,17.114914
2184,2020,22.913018
2260,2020,20.0
2262,2020,14.358601
2280,2020,18.445122
2281,2020,15.106619
2282,2020,15.22903
2283,2020,13.142857
2284,2020,27.719581
2303,2020,21.818182
2305,2020,24.354839
2309,2020,21.719457
2313,2020,21.654501
2321,2020,21.455577
2326,2020,20.286086
2361,2020,23.007968
2380,2020,22.327889
2401,2020,30.769231
2403,2020,30.991736
2404,2020,31.528046
2409,2020,22.067901
2417,2020,42.231947
2418,2020,22.580645
2421,2020,21.16041
2422,2020,25.968992
2425,2020,19.157088
2460,2020,25.981873
2462,2020,27.101631
2463,2020,32.247557
2480,2020,20.077019
2481,2020,18.620228
2482,2020,24.865832
2505,2020,15.695067
2506,2020,16.151203
2510,2020,21.090047
2513,2020,30.630631
2514,2020,14.924347
2518,2020,25.536993
2521,2020,24.019608
2523,2020,7.524752
2560,2020,31.464968
2580,2020,15.370525
2581,2020,22.346966
2582,2020,18.699187
2583,2020,14.23445
2584,2020,8.564815
0000,2021,20.200193
0114,2021,16.970459
0115,2021,22.215026
0117,2021,17.664671
0120,2021,18.045775
0123,2021,17.782851
0125,2021,19.87225
0126,2021,19.16724
0127,2021,10.444243
0128,2021,22.362869
0136,2021,16.414308
0138,2021,16.379656
0139,2021,16.329966
0140,2021,17.915309
0160,2021,19.140452
0162,2021,19.148936
0163,2021,14.388778
0180,2021,13.391475
0181,2021,12.835079
0182,2021,15.179462
0183,2021,15.756208
0184,2021,13.280866
0186,2021,14.683768
0187,2021,22.48996
0188,2021,17.877629
0191,2021,17.771196
0192,2021,14.396887
0305,2021,20.630749
0319,2021,23.789174
0330,2021,18.400771
0331,2021,26.596859
0360,2021,24.614472
0380,2021,21.345976
0381,2021,22.712467
0382,2021,32.331664
0428,2021,21.763085
0461,2021,25.686813
0480,2021,17.570755
0481,2021,20.685714
0482,2021,17.688679
0483,2021,18.220617
0484,2021,10.919608
0486,2021,14.788097
0488,2021,18.464961
0509,2021,31.355932
0512,2021,33.687943
0513,2021,35.52795
0560,2021,31.828979
0561,2021,31.071429
0562,2021,22.320962
0563,2021,21.503497
0580,2021,22.386484
0581,2021,18.804446
0582,2021,19.607843
0583,2021,21.586149
0584,2021,32.807018
0586,2021,24.420191
0604,2021,31.6609
0617,2021,30.715123
0642,2021,37.892791
0643,2021,30.928962
0662,2021,23.909596
0665,2021,26.117441
0680,2021,22.258578
0682,2021,26.940171
0683,2021,28.022168
0684,2021,33.151184
0685,2021,34.973566
0686,2021,33.990442
0687,2021,29.534005
0760,2021,34.955186
0761,2021,38.77551
0763,2021,33.219761
0764,2021,30.4038
0765,2021,25.061275
0767,2021,27.7666
0780,2021,27.0806
0781,2021,32.984901
0821,2021,22.456814
0834,2021,21.363636
0840,2021,20.735524
0860,2021,25.32872
0861,2021,28.343949
0862,2021,28.143022
0880,2021,21.88638
0881,2021,30.881612
0882,2021,24.539123
0883,2021,22.882763
0884,2021,18.682065
0885,2021,26.90678
0980,2021,21.168804
1060,2021,22.596965
1080,2021,19.698099
1081,2021,27.138531
1082,2021,26.153846
1083,2021,32.314107
1214,2021,23.036187
1230,2021,18.245614
1231,2021,16.556837
1233,2021,18.006993
1256,2021,22.360248
1257,2021,33.715013
1260,2021,16.687737
1261,2021,28.070175
1262,2021,31.309904
1263,2021,25.391423
1264,2021,32.603201
1265,2021,29.925926
1266,2021,28.884826
1267,2021,26.01626
1270,2021,22.913907
1272,2021,27.16763
1273,2021,34.488735
1275,2021,27.138158
1276,2021,20.774648
1277,2021,19.914894
1278,2021,30.147698
1280,2021,13.265789
1281,2021,19.995679
1282,2021,25.264201
1283,2021,20.17311
1284,2021,20.394173
1285,2021,20.805369
1286,2021,19.938532
1287,2021,21.986279
1290,2021,21.050335
1291,2021,36.084584
1292,2021,28.605042
1293,2021,33.138655
1315,2021,27.502634
1380,2021,20.508644
1381,2021,33.531451
1382,2021,27.8125
1383,2021,29.46593
1384,2021,20.956607
1401,2021,19.745442
1402,2021,21.688159
1407,2021,27.933541
1415,2021,22.696246
1419,2021,28.557964
1421,2021,22.153575
1427,2021,21.525886
1430,2021,24.351747
1435,2021,32.10084
1438,2021,28.390597
1439,2021,19.354839
1440,2021,15.572391
1441,2021,23.971679
1442,2021,23.621228
1443,2021,19.940476
1444,2021,25.661914
1445,2021,36.400818
1446,2021,23.900574
1447,2021,31.990521
1452,2021,27.409639
1460,2021,24.475524
1461,2021,31.675676
1462,2021,29.52953
1463,2021,26.325818
1465,2021,25.456621
1466,2021,26.829268
1470,2021,25.056775
1471,2021,25.494277
1472,2021,26.201373
1473,2021,32.868757
1480,2021,13.145335
1481,2021,19.381898
1482,2021,21.120563
1484,2021,24.59522
1485,2021,20.459676
1486,2021,15.048544
1487,2021,20.425399
1488,2021,18.531702
1489,2021,24.301494
1490,2021,16.780642
1491,2021,21.597771
1492,2021,21.428571
1493,2021,21.924648
1494,2021,21.909828
1495,2021,19.056487
1496,2021,21.697714
1497,2021,35.649936
1498,2021,26.05753
1499,2021,27.061238
1715,2021,23.229167
1730,2021,26.648352
1737,2021,22.755556
1760,2021,22.372881
1761,2021,17.340191
1762,2021,21.791045
1763,2021,23.300971
1764,2021,26.047904
1765,2021,31.64219
1766,2021,28.980623
1780,2021,15.947813
1781,2021,21.186882
1782,2021,26.599634
1783,2021,27.737226
1784,2021,27.240143
1785,2021,21.161496
1814,2021,24.158126
1860,2021,17.961165
1861,2021,22.274882
1862,2021,16.25
1863,2021,23.113965
1864,2021,32.947977
1880,2021,22.140815
1881,2021,15.343633
1882,2021,21.040975
1883,2021,16.705517
1884,2021,24.667473
1885,2021,23.466258
1904,2021,16.712329
1907,2021,20.247934
1960,2021,32.724505
1961,2021,14.046579
1962,2021,20.173536
1980,2021,13.162924
1981,2021,15.667506
1982,2021,17.70918
1983,2021,21.428571
1984,2021,30.861723
2021,2021,34.511785
2023,2021,25.592885
2026,2021,34.330011
2029,2021,29.532858
2031,2021,36.140019
2034,2021,26.961771
2039,2021,30.642504
2061,2021,8.144192
2062,2021,28.498584
2080,2021,18.417553
2081,2021,15.225145
2082,2021,17.673378
2083,2021,15.372425
2084,2021,14.670051
2085,2021,18.629344
2101,2021,23.595506
2104,2021,19.603524
2121,2021,30.793651
2132,2021,19.970194
2161,2021,18.322981
2180,2021,14.967662
2181,2021,14.447236
2182,2021,14.360938
2183,2021,16.485078
2184,2021,21.476707
2260,2021,19.378882
2262,2021,14.184898
2280,2021,15.504632
2281,2021,13.949865
2282,2021,15.411356
2283,2021,12.746757
2284,2021,26.757734
2303,2021,21.936759
2305,2021,25.832013
2309,2021,21.594203
2313,2021,19.953052
2321,2021,20.917431
2326,2021,18.500605
2361,2021,21.393035
2380,2021,20.461912
2401,2021,28.013582
2403,2021,29.644269
2404,2021,32.319392
2409,2021,25.03864
2417,2021,38.189845
2418,2021,23.692308
2421,2021,21.996616
2422,2021,29.545455
2425,2021,17.537313
2460,2021,25.560081
2462,2021,26.976161
2463,2021,32.258065
2480,2021,18.665592
2481,2021,17.655172
2482,2021,23.731565
2505,2021,16.006098
2506,2021,14.333333
2510,2021,21.361502
2513,2021,31.626506
2514,2021,15.405224
2518,2021,17.28972
2521,2021,18.709677
2523,2021,7.671781
2560,2021,29.292929
2580,2021,14.696223
2581,2021,21.548284
2582,2021,17.697966
2583,2021,17.273796
2584,2021,6.616367
0000,2022,18.669224
0114,2022,16.547192
0115,2022,22.099087
0117,2022,16.813639
0120,2022,16.851441
0123,2022,14.756861
0125,2022,17.964912
0126,2022,18.192548
0127,2022,9.64476
0128,2022,23.415133
0136,2022,14.799064
0138,2022,15.992218
0139,2022,13.899405
0140,2022,16.30094
0160,2022,16.536797
0162,2022,18.682114
0163,2022,13.843713
0180,2022,13.151359
0181,2022,11.987382
0182,2022,14.83822
0183,2022,15.044624
0184,2022,13.66765
0186,2022,12.836625
0187,2022,22.535211
0188,2022,16.865261
0191,2022,15.070473
0192,2022,15.070729
0305,2022,20.646766
0319,2022,24.364123
0330,2022,16.458133
0331,2022,22.109533
0360,2022,21.825629
0380,2022,19.822283
0381,2022,21.192242
0382,2022,32.099448
0428,2022,19.571046
0461,2022,27.320955
0480,2022,17.34213
0481,2022,19.503946
0482,2022,17.15415
0483,2022,17.529215
0484,2022,10.463623
0486,2022,14.141856
0488,2022,18.822292
0509,2022,31.550802
0512,2022,32.624113
0513,2022,33.814681
0560,2022,31.884058
0561,2022,27.936146
0562,2022,20.425748
0563,2022,21.317158
0580,2022,21.41974
0581,2022,17.653994
0582,2022,19.432121
0583,2022,21.500408
0584,2022,29.537367
0586,2022,26.439791
0604,2022,26.850258
0617,2022,29.171271
0642,2022,36.231884
0643,2022,27.68595
0662,2022,5.362035
0665,2022,22.020725
0680,2022,20.132505
0682,2022,24.143836
0683,2022,25.57031
0684,2022,30.748899
0685,2022,34.960317
0686,2022,33.333333
0687,2022,28.758578
0760,2022,32.087629
0761,2022,33.879093
0763,2022,31.829368
0764,2022,30.738409
0765,2022,25.492537
0767,2022,24.824825
0780,2022,26.360131
0781,2022,29.80695
0821,2022,25.502008
0834,2022,17.51938
0840,2022,18.599398
0860,2022,22.6051
0861,2022,27.543036
0862,2022,26.957494
0880,2022,20.238525
0881,2022,30.605159
0882,2022,23.567393
0883,2022,22.246976
0884,2022,18.3687
0885,2022,25.754527
0980,2022,19.270193
1060,2022,23.209877
1080,2022,17.661916
1081,2022,24.216634
1082,2022,24.498567
1083,2022,28.470889
1214,2022,21.360153
1230,2022,17.955326
1231,2022,16.062603
1233,2022,16.112957
1256,2022,20.138289
1257,2022,34.090909
1260,2022,15.191388
1261,2022,24.293785
1262,2022,26.140013
1263,2022,24.537922
1264,2022,28.685897
1265,2022,27.578797
1266,2022,29.15601
1267,2022,24.448706
1270,2022,20.405577
1272,2022,24.695978
1273,2022,32.425743
1275,2022,23.397436
1276,2022,18.926554
1277,2022,17.34104
1278,2022,28.499157
1280,2022,11.702977
1281,2022,17.854534
1282,2022,23.900826
1283,2022,18.573366
1284,2022,19.835391
1285,2022,18.453039
1286,2022,16.992259
1287,2022,19.375574
1290,2022,19.446845
1291,2022,34.381271
1292,2022,26.459391
1293,2022,32.994595
1315,2022,25.93819
1380,2022,18.146389
1381,2022,30.298651
1382,2022,25.580712
1383,2022,27.463228
1384,2022,19.306852
1401,2022,17.946975
1402,2022,18.716781
1407,2022,25.571726
1415,2022,20.041494
1419,2022,26.055046
1421,2022,18.606627
1427,2022,19.246299
1430,2022,24.631101
1435,2022,29.493464
1438,2022,26.428571
1439,2022,20.273349
1440,2022,16.026711
1441,2022,21.83053
1442,2022,22.9
1443,2022,18.208092
1444,2022,22.176591
1445,2022,34.343434
1446,2022,18.808194
1447,2022,32.954545
1452,2022,26.272912
1460,2022,21.765417
1461,2022,29.315961
1462,2022,24.813433
1463,2022,24.166926
1465,2022,22.943221
1466,2022,25.225225
1470,2022,24.71994
1471,2022,22.910217
1472,2022,21.145374
1473,2022,30.394432
1480,2022,12.204144
1481,2022,18.148309
1482,2022,18.104668
1484,2022,22.083981
1485,2022,17.710626
1486,2022,13.250195
1487,2022,19.107517
1488,2022,15.939279
1489,2022,22.708789
1490,2022,15.527886
1491,2022,20.510524
1492,2022,20.611916
1493,2022,20.857788
1494,2022,20.551317
1495,2022,16.819572
1496,2022,19.379212
1497,2022,29.534314
1498,2022,23.350254
1499,2022,23.66566
1715,2022,21.535394
1730,2022,25.831202
1737,2022,22.46696
1760,2022,19.243986
1761,2022,14.605171
1762,2022,17.681159
1763,2022,19.291705
1764,2022,23.88724
1765,2022,31.725888
1766,2022,25.385239
1780,2022,14.549756
1781,2022,20.292044
1782,2022,25.207756
1783,2022,26.547085
1784,2022,25.312635
1785,2022,20.957614
1814,2022,21.68331
1860,2022,14.651163
1861,2022,19.295559
1862,2022,14.20839
1863,2022,23.502994
1864,2022,32.424242
1880,2022,18.264283
1881,2022,14.548239
1882,2022,19.201726
1883,2022,14.708141
1884,2022,22.853688
1885,2022,21.164847
1904,2022,19.241192
1907,2022,21.352785
1960,2022,26.172466
1961,2022,11.760563
1962,2022,20.33543
1980,2022,11.023261
1981,2022,15.445155
1982,2022,16.825397
1983,2022,16.706539
1984,2022,27.964427
2021,2022,28.98773
2023,2022,23.595506
2026,2022,33.686441
2029,2022,30.841857
2031,2022,35.804702
2034,2022,28.932039
2039,2022,30.819672
2061,2022,12.064343
2062,2022,20.723152
2080,2022,16.964094
2081,2022,14.643416
2082,2022,17.41573
2083,2022,14.555468
2084,2022,14.244326
2085,2022,17.592161
2101,2022,19.290466
2104,2022,17.168339
2121,2022,28.469388
2132,2022,23.918919
2161,2022,17.838875
2180,2022,14.045779
2181,2022,14.533821
2182,2022,14.798641
2183,2022,15.036563
2184,2022,20.174927
2260,2022,16.745843
2262,2022,14.207275
2280,2022,11.574074
2281,2022,12.84852
2282,2022,14.358974
2283,2022,12.026002
2284,2022,24.235893
2303,2022,19.094488
2305,2022,22.422259
2309,2022,21.392313
2313,2022,18.838305
2321,2022,19.325433
2326,2022,16.828087
2361,2022,20.487805
2380,2022,19.447709
2401,2022,23.442623
2403,2022,25.531915
2404,2022,28.148148
2409,2022,20.451128
2417,2022,34.743875
2418,2022,21.533923
2421,2022,25.30541
2422,2022,25.680934
2425,2022,16.730038
2460,2022,23.838384
2462,2022,28.288543
2463,2022,30.88685
2480,2022,17.603362
2481,2022,17.214836
2482,2022,21.480026
2505,2022,13.988095
2506,2022,14.057508
2510,2022,18.734793
2513,2022,32.608696
2514,2022,15.15748
2518,2022,13.2287
2521,2022,18.666667
2523,2022,6.262492
2560,2022,26.03912
2580,2022,14.088173
2581,2022,20.666494
2582,2022,16.771488
2583,2022,15.814507
2584,2022,6.69383
